 217 222 209 196 176 171 175 194 207 217 219 217 215 221 226 219
 232 224 121 113 103 102 105 112 116 123 132 137 145 157 230 231
 239 217 114  96  83  87  88  91  99 103 103 102 104 122 220 230
 237 209 106  87  86  85  85  89  96 102  99  96  90 106 217 228
 234 206 111  96  94  91  92  98 103 106 102  99  89 112 206 231
 232 203 110 100 101 102 115 128 141 152 141 134 145 158 235 240
 235 217 122 105 102 146 226 238 234 232 232 229 232 234 246 237
 237 217 117  92  91 111 209 216 222 236 249 248 250 250 249 245
 233 218 122  96  93  97 113 120 119 140 234 250 252 254 252 243
 239 225 126  99  93  94  98 107 114 130 242 253 254 252 251 242
 239 224 129  97  91  96 119 127 156 169 245 248 248 247 250 245
 234 237 138  94  89 116 225 241 242 245 246 228 180 180 230 243
 241 239 134  98  99 142 249 251 252 253 249 172 132 131 204 239
 243 245 147 107 105 154 251 255 255 254 253 186 136 149 230 248
 242 244 173 126 129 162 254 255 255 254 252 243 232 242 252 249
 232 239 229 198 200 234 242 242 243 243 245 238 236 237 237 229
 176 177 157 144 130 128 129 141 158 173 171 161 163 173 178 175
 178 168  56  52  53  54  53  58  58  62  68  68  77  91 168 181
 178 155  54  47  41  46  49  50  52  51  48  47  46  61 160 179
 180 148  53  43  42  44  48  51  50  47  45  47  48  61 167 180
 176 145  52  44  44  47  49  52  52  51  47  48  48  65 156 181
 178 148  55  44  44  43  52  59  68  81  71  68  79  91 169 180
 174 156  62  49  50  95 173 176 175 171 167 162 166 170 183 181
 176 157  59  43  46  63 159 164 169 174 185 185 185 185 184 182
 175 162  65  46  46  46  55  58  58  77 171 185 183 183 184 180
 175 165  70  47  41  43  44  48  52  65 177 186 184 184 185 180
 179 168  72  45  44  45  62  62  83  95 175 182 182 183 185 181
 179 178  76  43  46  62 166 181 179 180 183 169 118 114 165 181
 179 178  74  45  47  83 184 186 186 187 185 105  63  67 139 176
 180 182  83  47  51  93 185 186 185 187 186 117  62  76 158 179
 181 183 107  55  62  93 185 187 187 187 188 183 165 170 184 183
 177 182 173 145 150 182 184 182 181 182 186 182 182 184 185 178
 117 114 103  91  75  76  79  86  97 109 110 104 104 108 110 109
 122 105   4   8   9  10  10  13   8   8  14  19  22  30 106 119
 118  90   0   4   5  12  11   6   8   8   8  14  12  13 101 116
 119  83   0   6  14  14  10   9   8  10   8  12  11  11 102 113
 115  84   2   8  12   9   6  11  12  14   9  11   5   8  92 119
 115  85   4   6   6   4   3   1  12  29  21  16  18  29 105 117
 110  90   5   3   5  43 113 115 111 108 106 103 102 105 117 116
 112  94  10   7   6  16 102  99  99 107 120 118 120 120 119 118
 114  97  13   4   4   4  10   8   6  18 104 118 120 121 118 113
 117 100  16   6   9   7   5   9  11  15 116 119 116 118 117 112
 119 103  19   4   7   2   5   3  26  33 111 117 118 121 120 116
 118 113  22   2   8  16 108 111 107 110 115 100  52  52 102 116
 120 116  23   3  11  29 122 113 108 114 117  44   7   8  76 114
 117 116  28   2   0  32 120 121 119 117 117  53   4  16  95 117
 112 108  44   3   2  26 118 117 114 114 114 108 100 109 119 118
 117 112 103  80  84 117 119 114 113 116 118 115 117 118 118 115

 219 231 230 228 231 240 237 245 243 242 245 243 239 248 249 229
 226 230 220 217 206 235 246 249 252 251 250 230 204 230 252 237
 221 157 122 106 112 158 234 250 254 252 247 180 131 149 242 237
 215 145 104  90  89 145 232 250 252 254 248 180 132 136 232 236
 217 137 102  96  99 134 229 248 250 253 248 228 172 186 243 238
 219 132 103  99 102 141 232 249 234 242 245 246 249 253 252 245
 217 123 103 102 106 152 232 236 140 130 169 245 253 254 254 243
 207 116  99  96 103 141 234 222 119 114 156 242 252 255 255 243
 194 112  91  89  98 128 238 216 120 107 127 241 251 255 255 242
 175 105  88  85  92 115 226 209 113  98 119 225 249 251 254 242
 171 102  87  85  91 102 146 111  97  94  96 116 142 154 162 234
 176 103  83  86  94 101 102  91  93  93  91  89  99 105 129 200
 196 113  96  87  96 100 105  92  96  99  97  94  98 107 126 198
 209 121 114 106 111 110 122 117 122 126 129 138 134 147 173 229
 222 224 217 209 206 203 217 217 218 225 224 237 239 245 244 239
 217 232 239 237 234 232 235 237 233 239 239 234 241 243 242 232
 175 181 179 180 181 180 181 182 180 180 181 181 176 179 183 178
 178 168 160 167 156 169 183 184 184 185 185 165 139 158 184 185
 173  91  61  61  65  91 170 185 183 184 183 114  67  76 170 184
 163  77  46  48  48  79 166 185 183 184 182 118  63  62 165 182
 161  68  47  47  48  68 162 185 185 186 182 169 105 117 183 182
 171  68  48  45  47  71 167 185 171 177 175 183 185 186 188 186
 173  62  51  47  51  81 171 174  77  65  95 180 187 187 187 182
 158  58  52  50  52  68 175 169  58  52  83 179 186 185 187 181
 141  58  50  51  52  59 176 164  58  48  62 181 186 186 187 182
 129  53  49  48  49  52 173 159  55  44  62 166 184 185 185 184
 128  54  46  44  47  43  95  63  46  43  45  62  83  93  93 182
 130  53  41  42  44  44  50  46  46  41  44  46  47  51  62 150
 144  52  47  43  44  44  49  43  46  47  45  43  45  47  55 145
 157  56  54  53  52  55  62  59  65  70  72  76  74  83 107 173
 177 168 155 148 145 148 156 157 162 165 168 178 178 182 183 182
 176 178 178 180 176 178 174 176 175 175 179 179 179 180 181 177
 109 119 116 113 119 117 116 118 113 112 116 116 114 117 118 115
 110 106 101 102  92 105 117 119 118 117 120 102  76  95 119 118
 108  30  13  11   8  29 105 120 121 118 121  52   8  16 109 118
 104  22  12  11   5  18 102 120 120 116 118  52   7   4 100 117
 104  19  14  12  11  16 103 118 118 119 117 100  44  53 108 115
 110  14   8   8   9  21 106 120 104 116 111 115 117 117 114 118
 109   8   8  10  14  29 108 107  18  15  33 110 114 117 114 116
  97   8   8   8  12  12 111  99   6  11  26 107 108 119 114 113
  86  13   6   9  11   1 115  99   8   9   3 111 113 121 117 114
  79  10  11  10   6   3 113 102  10   5   5 108 122 120 118 119
  76  10  12  14   9   4  43  16   4   7   2  16  29  32  26 117
  75   9   5  14  12   6   5   6   4   9   7   8  11   0   2  84
  91   8   4   6   8   6   3   7   4   6   4   2   3   2   3  80
 103   4   0   0   2   4   5  10  13  16  19  22  23  28  44 103
 114 105  90  83  84  85  90  94  97 100 103 113 116 116 108 112
 117 122 118 119 115 115 110 112 114 117 119 118 120 117 112 117

 229 237 237 236 238 245 243 243 242 242 234 200 198 229 239 232
 249 252 242 232 243 252 254 255 255 254 162 129 126 173 244 242
 248 230 149 136 186 253 254 255 255 251 154 105 107 147 245 243
 239 204 131 132 172 249 253 252 251 249 142  99  98 134 239 241
 243 230 180 180 228 246 245 242 241 225 116  89  94 138 237 234
 245 250 247 248 248 245 169 156 127 119  96  91  97 129 224 239
 242 251 252 254 253 242 130 114 107  98  94  93  99 126 225 239
 243 252 254 252 250 234 140 119 120 113  97  93  96 122 218 233
 245 249 250 250 248 249 236 222 216 209 111  91  92 117 217 237
 237 246 234 232 229 232 232 234 238 226 146 102 105 122 217 235
 240 235 158 145 134 141 152 141 128 115 102 101 100 110 203 232
 231 206 112  89  99 102 106 103  98  92  91  94  96 111 206 234
 228 217 106  90  96  99 102  96  89  85  85  86  87 106 209 237
 230 220 122 104 102 103 103  99  91  88  87  83  96 114 217 239
 231 230 157 145 137 132 123 116 112 105 102 103 113 121 224 232
 219 226 221 215 217 219 217 207 194 175 171 176 196 209 222 217
 178 185 184 182 182 186 182 181 182 184 182 150 145 173 182 177
 183 184 170 165 183 188 187 187 187 185  93  62  55 107 183 181
 179 158  76  62 117 186 187 185 186 185  93  51  47  83 182 180
 176 139  67  63 105 185 187 186 186 184  83  47  45  74 178 179
 181 165 114 118 169 183 180 179 181 166  62  46  43  76 178 179
 181 185 183 182 182 175  95  83  62  62  45  44  45  72 168 179
 180 185 184 184 186 177  65  52  48  44  43  41  47  70 165 175
 180 184 183 183 185 171  77  58  58  55  46  46  46  65 162 175
 182 184 185 185 185 185 174 169 164 159  63  46  43  59 157 176
 181 183 170 166 162 167 171 175 176 173  95  50  49  62 156 174
 180 169  91  79  68  71  81  68  59  52  43  44  44  55 148 178
 181 156  65  48  48  47  51  52  52  49  47  44  44  52 145 176
 180 167  61  48  47  45  47  50  51  48  44  42  43  53 148 180
 179 160  61  46  47  48  51  52  50  49  46  41  47  54 155 178
 181 168  91  77  68  68  62  58  58  53  54  53  52  56 168 178
 175 178 173 163 161 171 173 158 141 129 128 130 144 157 177 176
 115 118 118 117 115 118 116 113 114 119 117  84  80 103 112 117
 118 119 109 100 108 114 114 114 117 118  26   2   3  44 108 112
 117  95  16   4  53 117 117 119 121 120  32   0   2  28 116 117
 114  76   8   7  44 117 114 108 113 122  29  11   3  23 116 120
 116 102  52  52 100 115 110 107 111 108  16   8   2  22 113 118
 116 120 121 118 117 111  33  26   3   5   2   7   4  19 103 119
 112 117 118 116 119 116  15  11   9   5   7   9   6  16 100 117
 113 118 121 120 118 104  18   6   8  10   4   4   4  13  97 114
 118 119 120 120 118 120 107  99  99 102  16   6   7  10  94 112
 116 117 105 102 103 106 108 111 115 113  43   5   3   5  90 110
 117 105  29  18  16  21  29  12   1   3   4   6   6   4  85 115
 119  92   8   5  11   9  14  12  11   6   9  12   8   2  84 115
 113 102  11  11  12   8  10   8   9  10  14  14   6   0  83 119
 116 101  13  12  14   8   8   8   6  11  12   5   4   0  90 118
 119 106  30  22  19  14   8   8  13  10  10   9   8   4 105 122
 109 110 108 104 104 110 109  97  86  79  76  75  91 103 114 117

 232 242 243 241 234 239 239 233 237 235 232 234 237 239 232 217
 239 244 245 239 237 224 225 218 217 217 203 206 209 217 224 222
 229 173 147 134 138 129 126 122 117 122 110 111 106 114 121 209
 198 126 107  98  94  97  99  96  92 105 100  96  87  96 113 196
 200 129 105  99  89  91  93  93  91 102 101  94  86  83 103 176
 234 162 154 142 116  96  94  97 111 146 102  91  85  87 102 171
 242 254 251 249 225 119  98 113 209 226 115  92  85  88 105 175
 242 255 255 251 241 127 107 120 216 238 128  98  89  91 112 194
 243 255 255 252 242 156 114 119 222 234 141 103  96  99 116 207
 243 254 254 253 245 169 130 140 236 232 152 106 102 103 123 217
 245 252 253 249 246 245 242 234 249 232 141 102  99 103 132 219
 238 243 186 172 228 248 253 250 248 229 134  99  96 102 137 217
 236 232 136 132 180 248 254 252 250 232 145  89  90 104 145 215
 237 242 149 131 180 247 252 254 250 234 158 112 106 122 157 221
 237 252 230 204 230 250 251 252 249 246 235 206 217 220 230 226
 229 249 248 239 243 245 242 243 245 237 240 231 228 230 231 219
 177 181 180 179 179 179 175 175 176 174 178 176 180 178 178 176
 182 183 182 178 178 168 165 162 157 156 148 145 148 155 168 177
 173 107  83  74  76  72  70  65  59  62  55  52  53  54  56 157
 145  55  47  45  43  45  47  46  43  49  44  44  43  47  52 144
 150  62  51  47  46  44  41  46  46  50  44  44  42  41  53 130
 182  93  93  83  62  45  43  46  63  95  43  47  44  46  54 128
 184 185 185 184 166  62  44  55 159 173  52  49  48  49  53 129
 182 187 186 186 181  62  48  58 164 176  59  52  51  50  58 141
 181 187 185 186 179  83  52  58 169 175  68  52  50  52  58 158
 182 187 187 187 180  95  65  77 174 171  81  51  47  51  62 173
 186 188 186 185 183 175 177 171 185 167  71  47  45  48  68 171
 182 183 117 105 169 182 186 185 185 162  68  48  47  47  68 161
 182 165  62  63 118 182 184 183 185 166  79  48  48  46  77 163
 184 170  76  67 114 183 184 183 185 170  91  65  61  61  91 173
 185 184 158 139 165 185 185 184 184 183 169 156 167 160 168 178
 178 183 179 176 181 181 180 180 182 181 180 181 180 179 181 175
 117 112 117 120 118 119 117 114 112 110 115 115 119 118 122 117
 112 108 116 116 113 103 100  97  94  90  85  84  83  90 105 114
 103  44  28  23  22  19  16  13  10   5   4   2   0   0   4 103
  80   3   2   3   2   4   6   4   7   3   6   8   6   4   8  91
  84   2   0  11   8   7   9   4   6   5   6  12  14   5   9  75
 117  26  32  29  16   2   7   4  16  43   4   9  14  12  10  76
 119 118 120 122 108   5   5  10 102 113   3   6  10  11  10  79
 114 117 121 113 111   3   9   8  99 115   1  11   9   6  13  86
 113 114 119 108 107  26  11   6  99 111  12  12   8   8   8  97
 116 114 117 114 110  33  15  18 107 108  29  14  10   8   8 109
 118 114 117 117 115 111 116 104 120 106  21   9   8   8  14 110
 115 108  53  44 100 117 119 118 118 103  16  11  12  14  19 104
 117 100   4   7  52 118 116 120 120 102  18   5  11  12  22 104
 118 109  16   8  52 121 118 121 120 105  29   8  11  13  30 108
 118 119  95  76 102 120 117 118 119 117 105  92 102 101 106 110
 115 118 117 114 116 116 112 113 118 116 117 119 113 116 119 109

