 213 213 213 215 213 214 207 210 210 211 207 208 209 213 210 195
 230 225 225 228 224 221 220 220 223 225 221 219 216 221 220 206
 227 236 227 222 219 210 203 200 198 195 188 177 185 220 218 207
 230 224 183 180 175 178 183 183 185 181 175 169 175 180 223 211
 232 230 184 184 179 183 182 187 193 188 181 182 179 175 215 219
 235 235 223 222 218 219 220 206 185 181 176 172 183 177 216 218
 238 238 235 235 235 231 218 185 181 173 180 183 187 187 222 216
 238 237 235 235 231 216 182 184 188 196 201 183 188 190 226 220
 243 242 239 234 226 192 187 188 196 229 218 187 193 197 229 215
 246 245 239 238 200 191 190 196 233 243 226 185 191 197 228 223
 249 249 235 202 198 192 200 235 245 244 229 190 199 202 232 229
 249 250 202 199 198 200 231 247 245 244 237 196 201 207 242 234
 254 253 243 201 209 229 250 247 246 245 240 197 209 210 244 238
 241 212 221 246 235 252 248 248 249 247 245 243 247 246 246 239
 221 209 218 254 253 249 248 246 247 251 252 250 244 245 246 235
 241 227 246 250 244 240 245 247 247 243 243 243 241 238 238 231
 163 161 160 161 161 164 159 160 159 160 160 159 159 161 159 156
 166 167 166 163 165 165 164 163 162 163 166 162 161 162 159 160
 168 172 167 157 149 138 130 118 116 111 105  91 105 153 164 162
 170 157  89  76  70  73  76  79  80  76  71  70  70  85 157 163
 169 163  87  79  71  77  76  83  86  76  70  73  73  76 142 164
 172 173 156 150 145 151 150 129  85  72  68  71  75  77 145 164
 171 171 172 172 173 170 142  89  80  78  75  77  79  81 150 165
 175 174 175 176 174 148  87  78  85  97 106  79  82  85 152 167
 178 176 177 176 162 100  80  79  92 149 141  85  86  92 154 165
 180 181 179 166 104  83  82  92 148 174 153  86  86  98 154 168
 181 181 158 102  89  85  93 149 177 176 156  91  88  94 154 173
 184 181 108  90  90  96 149 181 181 179 163  95  92  97 159 174
 185 183 171 102 101 142 180 180 180 178 169 100 105 108 169 175
 164 112 127 177 159 182 182 181 181 179 178 173 177 178 179 179
 133  98 117 185 185 183 184 183 183 183 183 180 179 180 181 179
 175 154 179 186 185 184 183 181 183 184 185 183 182 181 181 177
  96  99  95  94  91  93  94  96  95  95  96  96  91  93  98  96
 100  97  97  97  94  92  93  96  93  93  93  90  90  94  93  93
  95  99  90  85  75  65  53  37  36  35  21  10  28  77  90  91
 100  82  15   5   6   4   6   4   5   8   7   5   5  11  78  92
 101  90  18   7   3   4   5   7   5   7   9  11   8   6  60  98
 104 103  83  76  71  81  78  52   8   9   7   6   8   6  66  99
 106 104  99 100 100  97  70  14   3   1   6   7   7   8  71 100
 107 104  98  97  94  68  14   8   7  14  29   9  13  11  74 101
 109 106 101  97  83  23   9   6  11  68  63   7  11  12  77  98
 109 106  99  89  25   9   9  13  71 102  74   8   8   6  66 103
 106 104  79  19   8   6  13  67 104 106  79  10  11  11  69 104
 109 106  31   7   6   8  61  99 100 102  87  11   8  11  77 106
 113 108  92  21  13  56 104 105 106 105  96  21  17  18  89 105
  89  31  43  96  77 102 107 104 104 104  99  94  98 101 106 104
  56  12  28 104 110 109 109 105 104 105 106 106 103 107 108 108
  97  74 100 111 110 110 107 108 104 103 104 106 107 105 103 110

 195 206 207 211 219 218 216 220 215 223 229 234 238 239 235 231
 210 220 218 223 215 216 222 226 229 228 232 242 244 246 246 238
 213 221 220 180 175 177 187 190 197 197 202 207 210 246 245 238
 209 216 185 175 179 183 187 188 193 191 199 201 209 247 244 241
 208 219 177 169 182 172 183 183 187 185 190 196 197 243 250 243
 207 221 188 175 181 176 180 201 218 226 229 237 240 245 252 243
 211 225 195 181 188 181 173 196 229 243 244 244 245 247 251 243
 210 223 198 185 193 185 181 188 196 233 245 245 246 249 247 247
 210 220 200 183 187 206 185 184 188 196 235 247 247 248 246 247
 207 220 203 183 182 220 218 182 187 190 200 231 250 248 248 245
 214 221 210 178 183 219 231 216 192 191 192 200 229 252 249 240
 213 224 219 175 179 218 235 231 226 200 198 198 209 235 253 244
 215 228 222 180 184 222 235 235 234 238 202 199 201 246 254 250
 213 225 227 183 184 223 235 235 239 239 235 202 243 221 218 246
 213 225 236 224 230 235 238 237 242 245 249 250 253 212 209 227
 213 230 227 230 232 235 238 238 243 246 249 249 254 241 221 241
 156 160 162 163 164 164 165 167 165 168 173 174 175 179 179 177
 159 159 164 157 142 145 150 152 154 154 154 159 169 179 181 181
 161 162 153  85  76  77  81  85  92  98  94  97 108 178 180 181
 159 161 105  70  73  75  79  82  86  86  88  92 105 177 179 182
 159 162  91  70  73  71  77  79  85  86  91  95 100 173 180 183
 160 166 105  71  70  68  75 106 141 153 156 163 169 178 183 185
 160 163 111  76  76  72  78  97 149 174 176 179 178 179 183 184
 159 162 116  80  86  85  80  85  92 148 177 181 180 181 183 183
 160 163 118  79  83 129  89  78  79  92 149 181 180 181 183 181
 159 164 130  76  76 150 142  87  80  82  93 149 180 182 184 183
 164 165 138  73  77 151 170 148 100  83  85  96 142 182 183 184
 161 165 149  70  71 145 173 174 162 104  89  90 101 159 185 185
 161 163 157  76  79 150 172 176 176 166 102  90 102 177 185 186
 160 166 167  89  87 156 172 175 177 179 158 108 171 127 117 179
 161 167 172 157 163 173 171 174 176 181 181 181 183 112  98 154
 163 166 168 170 169 172 171 175 178 180 181 184 185 164 133 175
  96  93  91  92  98  99 100 101  98 103 104 106 105 104 108 110
  98  93  90  78  60  66  71  74  77  66  69  77  89 106 108 103
  93  94  77  11   6   6   8  11  12   6  11  11  18 101 107 105
  91  90  28   5   8   8   7  13  11   8  11   8  17  98 103 107
  96  90  10   5  11   6   7   9   7   8  10  11  21  94 106 106
  96  93  21   7   9   7   6  29  63  74  79  87  96  99 106 104
  95  93  35   8   7   9   1  14  68 102 106 102 105 104 105 103
  95  93  36   5   5   8   3   7  11  71 104 100 106 104 104 104
  96  96  37   4   7  52  14   8   6  13  67  99 105 104 105 108
  94  93  53   6   5  78  70  14   9   9  13  61 104 107 109 107
  93  92  65   4   4  81  97  68  23   9   6   8  56 102 109 110
  91  94  75   6   3  71 100  94  83  25   8   6  13  77 110 110
  94  97  85   5   7  76 100  97  97  89  19   7  21  96 104 111
  95  97  90  15  18  83  99  98 101  99  79  31  92  43  28 100
  99  97  99  82  90 103 104 104 106 106 104 106 108  31  12  74
  96 100  95 100 101 104 106 107 109 109 106 109 113  89  56  97

 231 238 238 241 243 243 243 247 247 245 240 244 250 246 227 241
 235 246 245 244 250 252 251 247 246 248 249 253 254 218 209 221
 239 246 246 247 243 245 247 249 248 248 252 235 246 221 212 241
 238 244 210 209 197 240 245 246 247 250 229 209 201 243 253 254
 234 242 207 201 196 237 244 245 247 231 200 198 199 202 250 249
 229 232 202 199 190 229 244 245 235 200 192 198 202 235 249 249
 223 228 197 191 185 226 243 233 196 190 191 200 238 239 245 246
 215 229 197 193 187 218 229 196 188 187 192 226 234 239 242 243
 220 226 190 188 183 201 196 188 184 182 216 231 235 235 237 238
 216 222 187 187 183 180 173 181 185 218 231 235 235 235 238 238
 218 216 177 183 172 176 181 185 206 220 219 218 222 223 235 235
 219 215 175 179 182 181 188 193 187 182 183 179 184 184 230 232
 211 223 180 175 169 175 181 185 183 183 178 175 180 183 224 230
 207 218 220 185 177 188 195 198 200 203 210 219 222 227 236 227
 206 220 221 216 219 221 225 223 220 220 221 224 228 225 225 230
 195 210 213 209 208 207 211 210 210 207 214 213 215 213 213 213
 177 181 181 182 183 185 184 183 181 183 184 185 186 179 154 175
 179 181 180 179 180 183 183 183 183 184 183 185 185 117  98 133
 179 179 178 177 173 178 179 181 181 182 182 159 177 127 112 164
 175 169 108 105 100 169 178 180 180 180 142 101 102 171 183 185
 174 159  97  92  95 163 179 181 181 149  96  90  90 108 181 184
 173 154  94  88  91 156 176 177 149  93  85  89 102 158 181 181
 168 154  98  86  86 153 174 148  92  82  83 104 166 179 181 180
 165 154  92  86  85 141 149  92  79  80 100 162 176 177 176 178
 167 152  85  82  79 106  97  85  78  87 148 174 176 175 174 175
 165 150  81  79  77  75  78  80  89 142 170 173 172 172 171 171
 164 145  77  75  71  68  72  85 129 150 151 145 150 156 173 172
 164 142  76  73  73  70  76  86  83  76  77  71  79  87 163 169
 163 157  85  70  70  71  76  80  79  76  73  70  76  89 157 170
 162 164 153 105  91 105 111 116 118 130 138 149 157 167 172 168
 160 159 162 161 162 166 163 162 163 164 165 165 163 166 167 166
 156 159 161 159 159 160 160 159 160 159 164 161 161 160 161 163
 110 103 105 107 106 104 103 104 108 107 110 110 111 100  74  97
 108 108 107 103 106 106 105 104 105 109 109 110 104  28  12  56
 104 106 101  98  94  99 104 104 104 107 102  77  96  43  31  89
 105  89  18  17  21  96 105 106 105 104  56  13  21  92 108 113
 106  77  11   8  11  87 102 100  99  61   8   6   7  31 106 109
 104  69  11  11  10  79 106 104  67  13   6   8  19  79 104 106
 103  66   6   8   8  74 102  71  13   9   9  25  89  99 106 109
  98  77  12  11   7  63  68  11   6   9  23  83  97 101 106 109
 101  74  11  13   9  29  14   7   8  14  68  94  97  98 104 107
 100  71   8   7   7   6   1   3  14  70  97 100 100  99 104 106
  99  66   6   8   6   7   9   8  52  78  81  71  76  83 103 104
  98  60   6   8  11   9   7   5   7   5   4   3   7  18  90 101
  92  78  11   5   5   7   8   5   4   6   4   6   5  15  82 100
  91  90  77  28  10  21  35  36  37  53  65  75  85  90  99  95
  93  93  94  90  90  93  93  93  96  93  92  94  97  97  97 100
  96  98  93  91  96  96  95  95  96  94  93  91  94  95  99  96

 241 221 241 254 249 249 246 243 238 238 235 232 230 227 230 213
 227 209 212 253 250 249 245 242 237 238 235 230 224 236 225 213
 246 218 221 243 202 235 239 239 235 235 223 184 183 227 225 213
 250 254 246 201 199 202 238 234 235 235 222 184 180 222 228 215
 244 253 235 209 198 198 200 226 231 235 218 179 175 219 224 213
 240 249 252 229 200 192 191 192 216 231 219 183 178 210 221 214
 245 248 248 250 231 200 190 187 182 218 220 182 183 203 220 207
 247 246 248 247 247 235 196 188 184 185 206 187 183 200 220 210
 247 247 249 246 245 245 233 196 188 181 185 193 185 198 223 210
 243 251 247 245 244 244 243 229 196 173 181 188 181 195 225 211
 243 252 245 240 237 229 226 218 201 180 176 181 175 188 221 207
 243 250 243 197 196 190 185 187 183 183 172 182 169 177 219 208
 241 244 247 209 201 199 191 193 188 187 183 179 175 185 216 209
 238 245 246 210 207 202 197 197 190 187 177 175 180 220 221 213
 238 246 246 244 242 232 228 229 226 222 216 215 223 218 220 210
 231 235 239 238 234 229 223 215 220 216 218 219 211 207 206 195
 175 133 164 185 184 181 180 178 175 171 172 169 170 168 166 163
 154  98 112 183 181 181 181 176 174 171 173 163 157 172 167 161
 179 117 127 171 108 158 179 177 175 172 156  87  89 167 166 160
 186 185 177 102  90 102 166 176 176 172 150  79  76 157 163 161
 185 185 159 101  90  89 104 162 174 173 145  71  70 149 165 161
 184 183 182 142  96  85  83 100 148 170 151  77  73 138 165 164
 183 184 182 180 149  93  82  80  87 142 150  76  76 130 164 159
 181 183 181 180 181 149  92  79  78  89 129  83  79 118 163 160
 183 183 181 180 181 177 148  92  85  80  85  86  80 116 162 159
 184 183 179 178 179 176 174 149  97  78  72  76  76 111 163 160
 185 183 178 169 163 156 153 141 106  75  68  70  71 105 166 160
 183 180 173 100  95  91  86  85  79  77  71  73  70  91 162 159
 182 179 177 105  92  88  86  86  82  79  75  73  70 105 161 159
 181 180 178 108  97  94  98  92  85  81  77  76  85 153 162 161
 181 181 179 169 159 154 154 154 152 150 145 142 157 164 159 159
 177 179 179 175 174 173 168 165 167 165 164 164 163 162 160 156
  97  56  89 113 109 106 109 109 107 106 104 101 100  95 100  96
  74  12  31 108 106 104 106 106 104 104 103  90  82  99  97  99
 100  28  43  92  31  79  99 101  98  99  83  18  15  90  97  95
 111 104  96  21   7  19  89  97  97 100  76   7   5  85  97  94
 110 110  77  13   6   8  25  83  94 100  71   3   6  75  94  91
 110 109 102  56   8   6   9  23  68  97  81   4   4  65  92  93
 107 109 107 104  61  13   9   9  14  70  78   5   6  53  93  94
 108 105 104 105  99  67  13   6   8  14  52   7   4  37  96  96
 104 104 104 106 100 104  71  11   7   3   8   5   5  36  93  95
 103 105 104 105 102 106 102  68  14   1   9   7   8  35  93  95
 104 106  99  96  87  79  74  63  29   6   7   9   7  21  93  96
 106 106  94  21  11  10   8   7   9   7   6  11   5  10  90  96
 107 103  98  17   8  11   8  11  13   7   8   8   5  28  90  91
 105 107 101  18  11  11   6  12  11   8   6   6  11  77  94  93
 103 108 106  89  77  69  66  77  74  71  66  60  78  90  93  98
 110 108 104 105 106 104 103  98 101 100  99  98  92  91  93  96

