 195 202 201 193 195 198 198 191 193 191 193 190 195 196 194 177
 205 212 215 208 211 205 189 192 194 213 209 205 201 210 207 194
 203 212 217 216 214 185 170 176 177 204 212 175 172 197 210 191
 209 215 217 223 218 193 175 176 173 210 218 176 171 196 214 194
 214 218 217 224 224 192 174 183 175 209 221 212 202 215 214 194
 219 217 219 216 216 194 172 183 181 211 218 220 214 217 212 202
 212 213 203 207 199 182 179 183 181 197 204 195 192 193 215 197
 213 178 182 189 191 186 176 180 175 180 183 184 186 180 212 211
 218 177 184 186 191 186 182 182 179 181 186 182 185 183 206 202
 223 194 195 195 202 189 183 185 179 194 209 213 216 219 217 211
 221 228 227 226 226 196 187 191 184 210 226 224 225 224 221 209
 217 221 215 227 228 204 181 180 182 218 228 224 223 223 223 214
 230 187 183 199 230 204 179 180 188 231 228 230 223 223 224 208
 227 187 187 215 232 211 182 186 184 231 232 234 229 225 225 215
 226 233 220 231 233 222 206 207 213 234 237 230 229 230 229 212
 223 225 224 227 226 229 228 225 218 221 224 223 223 218 219 206
 144 144 147 146 148 146 145 143 146 145 148 144 147 145 148 132
 148 150 154 150 152 141 114 118 117 150 150 147 133 142 150 145
 152 155 157 155 151 110  71  73  77 130 149  89  74 117 152 142
 152 157 156 155 155 118  70  66  74 131 148  91  72 116 153 149
 156 159 158 159 159 115  74  80  77 128 154 145 139 156 153 140
 158 158 160 161 158 119  74  77  74 133 155 155 152 155 153 151
 157 140 121 124 108  87  71  78  80 104 116 109 101 102 141 144
 149  85  77  84  83  78  72  77  73  75  75  76  76  79 135 157
 150  83  79  83  84  78  76  78  76  75  78  71  78  86 133 150
 158 112 100 102 112  94  79  78  74  94 120 126 137 151 158 158
 162 161 161 161 160 114  82  86  79 121 158 158 160 161 160 151
 163 154 137 158 163 130  83  78  77 134 161 162 163 161 162 157
 162 101  83 114 163 127  82  74  81 148 164 167 164 164 163 155
 163 102  83 131 165 136  80  75  80 154 163 166 164 163 162 155
 167 167 152 164 165 146 117 119 131 162 167 164 163 162 161 154
 167 167 168 167 169 165 164 164 164 166 166 163 162 160 164 158
  82  86  86  78  77  82  78  77  82  81  81  78  79  80  82  76
  89  84  87  80  82  71  37  40  42  76  83  79  68  78  83  81
  87  84  86  86  84  41   2   1   3  59  84  25   6  43  78  75
  89  86  87  90  85  46   6   2   5  59  80  26   5  45  82  84
  81  82  84  88  87  45   3   8   6  55  84  77  66  78  84  80
  89  81  82  81  81  50  10   5   2  55  80  87  81  84  87  89
  85  62  42  48  34  17   4   5   6  29  44  35  26  29  64  77
  83  12   3   4   6   7   2   3   1   5   5   6   4   1  53  89
  79   6   4   3   4   4   3   1   2   6   6   3   3   5  53  83
  90  32  20  19  28  15   5   4   0  15  43  53  62  72  81  88
  89  83  81  84  87  41   8  11   4  47  85  87  87  85  87  90
  83  71  55  77  86  50   4   4   6  57  87  87  84  84  86  93
  87  22   2  31  84  48   7   4  10  70  83  86  84  87  91  87
  90  24   4  51  91  60   6   6   7  75  89  88  85  86  93  92
  93  91  79  88  92  68  37  45  51  81  94  86  86  92  92  86
 101  88  90  89  88  90  92  93  84  88  86  87  94  89  89  89

 177 194 191 194 194 202 197 211 202 211 209 214 208 215 212 206
 194 207 210 214 214 212 215 212 206 217 221 223 224 225 229 219
 196 210 197 196 215 217 193 180 183 219 224 223 223 225 230 218
 195 201 172 171 202 214 192 186 185 216 225 223 223 229 229 223
 190 205 175 176 212 220 195 184 182 213 224 224 230 234 230 223
 193 209 212 218 221 218 204 183 186 209 226 228 228 232 237 224
 191 213 204 210 209 211 197 180 181 194 210 218 231 231 234 221
 193 194 177 173 175 181 181 175 179 179 184 182 188 184 213 218
 191 192 176 176 183 183 183 180 182 185 191 180 180 186 207 225
 198 189 170 175 174 172 179 176 182 183 187 181 179 182 206 228
 198 205 185 193 192 194 182 186 186 189 196 204 204 211 222 229
 195 211 214 218 224 216 199 191 191 202 226 228 230 232 233 226
 193 208 216 223 224 216 207 189 186 195 226 227 199 215 231 227
 201 215 217 217 217 219 203 182 184 195 227 215 183 187 220 224
 202 212 212 215 218 217 213 178 177 194 228 221 187 187 233 225
 195 205 203 209 214 219 212 213 218 223 221 217 230 227 226 223
 132 145 142 149 140 151 144 157 150 158 151 157 155 155 154 158
 148 150 152 153 153 153 141 135 133 158 160 162 163 162 161 164
 145 142 117 116 156 155 102  79  86 151 161 161 164 163 162 160
 147 133  74  72 139 152 101  76  78 137 160 163 164 164 163 162
 144 147  89  91 145 155 109  76  71 126 158 162 167 166 164 163
 148 150 149 148 154 155 116  75  78 120 158 161 164 163 167 166
 145 150 130 131 128 133 104  75  75  94 121 134 148 154 162 166
 146 117  77  74  77  74  80  73  76  74  79  77  81  80 131 164
 143 118  73  66  80  77  78  77  78  78  86  78  74  75 119 164
 145 114  71  70  74  74  71  72  76  79  82  83  82  80 117 164
 146 141 110 118 115 119  87  78  78  94 114 130 127 136 146 165
 148 152 151 155 159 158 108  83  84 112 160 163 163 165 165 169
 146 150 155 155 159 161 124  84  83 102 161 158 114 131 164 167
 147 154 157 156 158 160 121  77  79 100 161 137  83  83 152 168
 144 150 155 157 159 158 140  85  83 112 161 154 101 102 167 167
 144 148 152 152 156 158 157 149 150 158 162 163 162 163 167 167
  76  81  75  84  80  89  77  89  83  88  90  93  87  92  86  89
  82  83  78  82  84  87  64  53  53  81  87  86  91  93  92  89
  80  78  43  45  78  84  29   1   5  72  85  84  87  86  92  89
  79  68   6   5  66  81  26   4   3  62  87  84  84  85  86  94
  78  79  25  26  77  87  35   6   3  53  87  87  86  88  86  87
  81  83  84  80  84  80  44   5   6  43  85  87  83  89  94  86
  81  76  59  59  55  55  29   5   6  15  47  57  70  75  81  88
  82  42   3   5   6   2   6   1   2   0   4   6  10   7  51  84
  77  40   1   2   8   5   5   3   1   4  11   4   4   6  45  93
  78  37   2   6   3  10   4   2   3   5   8   4   7   6  37  92
  82  71  41  46  45  50  17   7   4  15  41  50  48  60  68  90
  77  82  84  85  87  81  34   6   4  28  87  86  84  91  92  88
  78  80  86  90  88  81  48   4   3  19  84  77  31  51  88  89
  86  87  86  87  84  82  42   3   4  20  81  55   2   4  79  90
  86  84  84  86  82  81  62  12   6  32  83  71  22  24  91  88
  82  89  87  89  81  89  85  83  79  90  89  83  87  90  93 101

 206 219 218 223 223 224 221 218 225 228 229 226 227 224 225 223
 212 229 230 229 230 237 234 213 207 206 222 233 231 220 233 226
 215 225 225 229 234 232 231 184 186 182 211 232 215 187 187 227
 208 224 223 223 230 228 231 188 180 179 204 230 199 183 187 230
 214 223 223 223 224 228 218 182 180 181 204 228 227 215 221 217
 209 221 224 225 224 226 210 184 191 187 196 226 226 227 228 221
 211 217 219 216 213 209 194 179 185 183 189 202 195 195 194 223
 202 206 183 185 182 186 181 179 182 182 186 191 186 184 177 218
 211 212 180 186 184 183 180 175 180 176 186 191 189 182 178 213
 197 215 193 192 195 204 197 181 183 179 182 199 207 203 213 212
 202 212 217 214 220 218 211 181 183 172 194 216 216 219 217 219
 194 214 215 202 212 221 209 175 183 174 192 224 224 217 218 214
 194 214 196 171 176 218 210 173 176 175 193 218 223 217 215 209
 191 210 197 172 175 212 204 177 176 170 185 214 216 217 212 203
 194 207 210 201 205 209 213 194 192 189 205 211 208 215 212 205
 177 194 196 195 190 193 191 193 191 198 198 195 193 201 202 195
 158 164 160 162 163 166 166 164 164 164 165 169 167 168 167 167
 154 161 162 163 164 167 162 131 119 117 146 165 164 152 167 167
 155 162 163 164 166 163 154  80  75  80 136 165 131  83 102 163
 155 163 164 164 167 164 148  81  74  82 127 163 114  83 101 162
 157 162 161 163 162 161 134  77  78  83 130 163 158 137 154 163
 151 160 161 160 158 158 121  79  86  82 114 160 161 161 161 162
 158 158 151 137 126 120  94  74  78  79  94 112 102 100 112 158
 150 133  86  78  71  78  75  76  78  76  78  84  83  79  83 150
 157 135  79  76  76  75  75  73  77  72  78  83  84  77  85 149
 144 141 102 101 109 116 104  80  78  71  87 108 124 121 140 157
 151 153 155 152 155 155 133  74  77  74 119 158 161 160 158 158
 140 153 156 139 145 154 128  77  80  74 115 159 159 158 159 156
 149 153 116  72  91 148 131  74  66  70 118 155 155 156 157 152
 142 152 117  74  89 149 130  77  73  71 110 151 155 157 155 152
 145 150 142 133 147 150 150 117 118 114 141 152 150 154 150 148
 132 148 145 147 144 148 145 146 143 145 146 148 146 147 144 144
  89  89  89  94  87  86  88  84  93  92  90  88  89  90  88 101
  86  92  92  86  86  94  81  51  45  37  68  92  88  79  91  93
  92  93  86  85  88  89  75   7   6   6  60  91  51   4  24  90
  87  91  87  84  86  83  70  10   4   7  48  84  31   2  22  87
  93  86  84  84  87  87  57   6   4   4  50  86  77  55  71  83
  90  87  85  87  87  85  47   4  11   8  41  87  84  81  83  89
  88  81  72  62  53  43  15   0   4   5  15  28  19  20  32  90
  83  53   5   3   3   6   6   2   1   3   4   4   3   4   6  79
  89  53   1   4   6   5   5   1   3   2   7   6   4   3  12  83
  77  64  29  26  35  44  29   6   5   4  17  34  48  42  62  85
  89  87  84  81  87  80  55   2   5  10  50  81  81  82  81  89
  80  84  78  66  77  84  55   6   8   3  45  87  88  84  82  81
  84  82  45   5  26  80  59   5   2   6  46  85  90  87  86  89
  75  78  43   6  25  84  59   3   1   2  41  84  86  86  84  87
  81  83  78  68  79  83  76  42  40  37  71  82  80  87  84  89
  76  82  80  79  78  81  81  82  77  78  82  77  78  86  86  82

 223 226 227 230 217 221 223 218 213 212 219 214 209 203 205 195
 225 233 187 187 221 228 194 177 178 213 217 218 215 212 212 202
 224 220 187 183 215 227 195 184 182 203 219 217 217 217 215 201
 227 231 215 199 227 226 195 186 189 207 216 224 223 216 208 193
 226 233 232 230 228 226 202 191 191 199 216 224 218 214 211 195
 229 222 211 204 204 196 189 186 186 182 194 192 193 185 205 198
 228 206 182 179 181 187 183 182 176 179 172 174 175 170 189 198
 225 207 186 180 180 191 185 182 180 183 183 183 176 176 192 191
 218 213 184 188 182 184 179 179 175 181 181 175 173 177 194 193
 221 234 231 231 218 210 194 181 180 197 211 209 210 204 213 191
 224 237 232 228 228 226 209 186 183 204 218 221 218 212 209 193
 223 230 234 230 224 224 213 182 184 195 220 212 176 175 205 190
 223 229 229 223 223 225 216 185 186 192 214 202 171 172 201 195
 218 230 225 223 223 224 219 183 180 193 217 215 196 197 210 196
 219 229 225 224 223 221 217 206 212 215 212 214 214 210 207 194
 206 212 215 208 214 209 211 202 211 197 202 194 194 191 194 177
 167 167 163 162 163 162 158 150 149 157 158 156 152 152 148 144
 167 167 102 101 154 161 112  83  85 140 158 159 157 155 150 144
 168 152  83  83 137 161 100  79  77 121 160 158 156 157 154 147
 167 164 131 114 158 161 102  83  84 124 161 159 155 155 150 146
 169 165 165 163 163 160 112  84  83 108 158 159 155 151 152 148
 165 146 136 127 130 114  94  78  78  87 119 115 118 110 141 146
 164 117  80  82  83  82  79  76  72  71  74  74  70  71 114 145
 164 119  75  74  78  86  78  78  77  78  77  80  66  73 118 143
 164 131  80  81  77  79  74  76  73  80  74  77  74  77 117 146
 166 162 154 148 134 121  94  75  75 104 133 128 131 130 150 145
 166 167 163 164 161 158 120  78  75 116 155 154 148 149 150 148
 163 164 166 167 162 158 126  71  76 109 155 145  91  89 147 144
 162 163 164 164 163 160 137  78  76 101 152 139  72  74 133 147
 160 162 163 164 161 161 151  86  79 102 155 156 116 117 142 145
 164 161 162 163 162 160 158 133 135 141 153 153 153 152 150 148
 158 154 155 155 157 151 158 150 157 144 151 140 149 142 145 132
 101  93  90  87  83  89  90  79  83  85  89  81  89  87  89  82
  88  91  24  22  71  83  32   6  12  62  81  82  86  84  84  86
  90  79   4   2  55  81  20   4   3  42  82  84  87  86  87  86
  89  88  51  31  77  84  19   3   4  48  81  88  90  86  80  78
  88  92  91  84  86  87  28   4   6  34  81  87  85  84  82  77
  90  68  60  48  50  41  15   4   7  17  50  45  46  41  71  82
  92  37   6   7   4   8   5   3   2   4  10   3   6   2  37  78
  93  45   6   4   4  11   4   1   3   5   5   8   2   1  40  77
  84  51   7  10   6   4   0   2   1   6   2   6   5   3  42  82
  88  81  75  70  57  47  15   6   5  29  55  55  59  59  76  81
  86  94  89  83  87  85  43   6   5  44  80  84  80  84  83  81
  87  86  88  86  87  87  53   3   6  35  87  77  26  25  79  78
  94  86  85  84  84  87  62   3   4  26  81  66   5   6  68  79
  89  92  86  87  84  85  72   5   1  29  84  78  45  43  78  80
  89  92  93  91  86  87  81  53  53  64  87  84  82  78  83  82
  89  86  92  87  93  90  88  83  89  77  89  80  84  75  81  76

