 144 170 184 180 179 173 176 184 179 182 186 183 182 185 180 176
 160 183 190 187 187 187 191 182 156 190 200 196 192 182 183 187
 161 181 148 144 150 192 196 144 148 179 201 202 167 157 161 194
 164 184 152 154 154 164 202 155 159 198 204 171 167 157 179 196
 172 197 175 158 155 148 204 200 200 197 193 164 166 169 204 200
 166 193 192 157 159 160 178 204 202 202 168 168 163 194 204 205
 174 193 200 179 154 164 161 199 204 179 171 174 177 209 209 209
 173 199 202 204 161 168 170 172 193 170 174 168 207 211 212 209
 179 202 206 204 195 162 170 171 173 171 163 179 216 213 214 212
 173 198 207 209 208 165 167 171 166 170 166 213 217 216 217 215
 180 203 210 213 210 195 164 174 168 168 207 221 221 223 221 215
 182 203 209 214 211 211 168 169 177 175 224 217 224 224 221 217
 184 212 212 211 210 211 190 168 177 178 226 223 221 221 217 216
 185 209 215 217 216 218 201 167 175 184 227 222 221 222 221 219
 186 211 216 220 219 220 214 175 178 209 224 222 220 224 223 222
 178 206 209 217 217 208 214 212 213 214 216 218 221 220 216 212
 120 132 138 132 134 131 133 135 133 136 136 137 136 138 135 134
 128 136 132 125 133 139 139 114  73 123 142 142 132 114 119 135
 128 123  61  43  53 119 135  57  47 100 141 139  78  56  70 130
 134 131  61  47  47  75 136  76  76 135 144  93  64  57 101 137
 135 140  96  55  52  55 133 140 143 144 119  68  65  73 141 144
 131 141 132  73  56  59  91 143 144 139  76  65  61 116 145 146
 134 141 143 107  61  63  62 123 144  99  67  63  80 145 148 150
 134 143 146 145  77  60  61  81 111  67  64  68 131 149 154 152
 139 147 148 146 123  64  64  64  65  62  59  90 150 152 154 151
 133 148 152 150 147  84  65  64  60  58  64 137 153 156 156 155
 140 149 149 151 148 128  66  64  59  58 124 152 153 156 156 157
 139 151 149 151 148 148  83  62  66  72 149 158 156 158 157 157
 142 151 150 149 153 153 113  66  67  71 147 156 158 158 158 159
 142 153 153 153 155 155 126  65  61  80 155 160 160 160 160 160
 146 157 159 158 155 155 147  96  86 130 156 160 159 160 161 160
 144 156 157 156 156 154 159 156 159 161 159 161 160 159 161 157
  73  67  74  75  77  74  74  78  72  81  78  73  76  75  71  68
  83  70  70  63  64  69  71  47  14  54  74  74  59  45  50  68
  78  58   7   0   2  56  63   1   0  41  74  66  12   0  12  67
  79  62   7   1   0  19  72  13  17  66  71  22   1   0  42  75
  81  73  30   0   0   1  71  76  78  77  52   1   1  15  74  75
  79  74  60   8   0   0  29  74  75  73  10   1   0  51  75  78
  82  76  75  32   0   2   5  59  72  26   2   7  22  80  81  78
  83  77  73  66  12   4   3  16  35   1   4   6  69  78  76  76
  86  78  79  77  57   3   3   0   2   1   0  30  84  82  79  83
  88  76  77  77  73  12   0   0   0   0   3  70  83  79  79  84
  82  78  83  83  80  50   0   4   1   0  58  82  87  87  82  85
  82  76  84  86  82  70  15   2   6  12  84  82  88  86  82  83
  85  80  83  85  83  74  37   1   6  11  85  90  88  88  85  86
  82  78  78  81  82  82  50   1   3  17  84  83  84  86  84  85
  91  82  83  83  82  86  68  20  17  58  87  85  84  87  83  83
  96  87  82  92  88  88  90  81  85  86  83  83  88  87  86  89

 176 187 194 196 200 205 209 209 212 215 215 217 216 219 222 212
 180 183 161 179 204 204 209 212 214 217 221 221 217 221 223 216
 185 182 157 157 169 194 209 211 213 216 223 224 221 222 224 220
 182 192 167 167 166 163 177 207 216 217 221 224 221 221 220 221
 183 196 202 171 164 168 174 168 179 213 221 217 223 222 222 218
 186 200 201 204 193 168 171 174 163 166 207 224 226 227 224 216
 182 190 179 198 197 202 179 170 171 170 168 175 178 184 209 214
 179 156 148 159 200 202 204 193 173 166 168 177 177 175 178 213
 184 182 144 155 200 204 199 172 171 171 174 169 168 167 175 212
 176 191 196 202 204 178 161 170 170 167 164 168 190 201 214 214
 173 187 192 164 148 160 164 168 162 165 195 211 211 218 220 208
 179 187 150 154 155 159 154 161 195 208 210 211 210 216 219 217
 180 187 144 154 158 157 179 204 204 209 213 214 211 217 220 217
 184 190 148 152 175 192 200 202 206 207 210 209 212 215 216 209
 170 183 181 184 197 193 193 199 202 198 203 203 212 209 211 206
 144 160 161 164 172 166 174 173 179 173 180 182 184 185 186 178
 134 135 130 137 144 146 150 152 151 155 157 157 159 160 160 157
 135 119  70 101 141 145 148 154 154 156 156 157 158 160 161 161
 138 114  56  57  73 116 145 149 152 156 156 158 158 160 160 159
 136 132  78  64  65  61  80 131 150 153 153 156 158 160 159 160
 137 142 139  93  68  65  63  68  90 137 152 158 156 160 160 161
 136 142 141 144 119  76  67  64  59  64 124 149 147 155 156 159
 136 123 100 135 144 139  99  67  62  58  58  72  71  80 130 161
 133  73  47  76 143 144 144 111  65  60  59  66  67  61  86 159
 135 114  57  76 140 143 123  81  64  64  64  62  66  65  96 156
 133 139 135 136 133  91  62  61  64  65  66  83 113 126 147 159
 131 139 119  75  55  59  63  60  64  84 128 148 153 155 155 154
 134 133  53  47  52  56  61  77 123 147 148 148 153 155 155 156
 132 125  43  47  55  73 107 145 146 150 151 151 149 153 158 156
 138 132  61  61  96 132 143 146 148 152 149 149 150 153 159 157
 132 136 123 131 140 141 141 143 147 148 149 151 151 153 157 156
 120 128 128 134 135 131 134 134 139 133 140 139 142 142 146 144
  68  68  67  75  75  78  78  76  83  84  85  83  86  85  83  89
  71  50  12  42  74  75  81  76  79  79  82  82  85  84  83  86
  75  45   0   0  15  51  80  78  82  79  87  86  88  86  87  87
  76  59  12   1   1   0  22  69  84  83  87  88  88  84  84  88
  73  74  66  22   1   1   7   6  30  70  82  82  90  83  85  83
  78  74  74  71  52  10   2   4   0   3  58  84  85  84  87  83
  81  54  41  66  77  73  26   1   1   0   0  12  11  17  58  86
  72  14   0  17  78  75  72  35   2   0   1   6   6   3  17  85
  78  47   1  13  76  74  59  16   0   0   4   2   1   1  20  81
  74  71  63  72  71  29   5   3   3   0   0  15  37  50  68  90
  74  69  56  19   1   0   2   4   3  12  50  70  74  82  86  88
  77  64   2   0   0   0   0  12  57  73  80  82  83  82  82  88
  75  63   0   1   0   8  32  66  77  77  83  86  85  81  83  92
  74  70   7   7  30  60  75  73  79  77  83  84  83  78  83  82
  67  70  58  62  73  74  76  77  78  76  78  76  80  78  82  87
  73  83  78  79  81  79  82  83  86  88  82  82  85  82  91  96

 212 216 220 221 218 216 214 213 212 214 208 217 217 209 206 178
 222 223 224 220 222 224 209 178 175 214 220 219 220 216 211 186
 219 221 222 221 222 227 184 175 167 201 218 216 217 215 209 185
 216 217 221 221 223 226 178 177 168 190 211 210 211 212 212 184
 217 221 224 224 217 224 175 177 169 168 211 211 214 209 203 182
 215 221 223 221 221 207 168 168 174 164 195 210 213 210 203 180
 215 217 216 217 213 166 170 166 171 167 165 208 209 207 198 173
 212 214 213 216 179 163 171 173 171 170 162 195 204 206 202 179
 209 212 211 207 168 174 170 193 172 170 168 161 204 202 199 173
 209 209 209 177 174 171 179 204 199 161 164 154 179 200 193 174
 205 204 194 163 168 168 202 202 204 178 160 159 157 192 193 166
 200 204 169 166 164 193 197 200 200 204 148 155 158 175 197 172
 196 179 157 167 171 204 198 159 155 202 164 154 154 152 184 164
 194 161 157 167 202 201 179 148 144 196 192 150 144 148 181 161
 187 183 182 192 196 200 190 156 182 191 187 187 187 190 183 160
 176 180 185 182 183 186 182 179 184 176 173 179 180 184 170 144
 157 161 159 160 161 159 161 159 156 159 154 156 156 157 156 144
 160 161 160 159 160 156 130  86  96 147 155 155 158 159 157 146
 160 160 160 160 160 155  80  61  65 126 155 155 153 153 153 142
 159 158 158 158 156 147  71  67  66 113 153 153 149 150 151 142
 157 157 158 156 158 149  72  66  62  83 148 148 151 149 151 139
 157 156 156 153 152 124  58  59  64  66 128 148 151 149 149 140
 155 156 156 153 137  64  58  60  64  65  84 147 150 152 148 133
 151 154 152 150  90  59  62  65  64  64  64 123 146 148 147 139
 152 154 149 131  68  64  67 111  81  61  60  77 145 146 143 134
 150 148 145  80  63  67  99 144 123  62  63  61 107 143 141 134
 146 145 116  61  65  76 139 144 143  91  59  56  73 132 141 131
 144 141  73  65  68 119 144 143 140 133  55  52  55  96 140 135
 137 101  57  64  93 144 135  76  76 136  75  47  47  61 131 134
 130  70  56  78 139 141 100  47  57 135 119  53  43  61 123 128
 135 119 114 132 142 142 123  73 114 139 139 133 125 132 136 128
 134 135 138 136 137 136 136 133 135 133 131 134 132 138 132 120
  89  86  87  88  83  83  86  85  81  90  88  88  92  82  87  96
  83  83  87  84  85  87  58  17  20  68  86  82  83  83  82  91
  85  84  86  84  83  84  17   3   1  50  82  82  81  78  78  82
  86  85  88  88  90  85  11   6   1  37  74  83  85  83  80  85
  83  82  86  88  82  84  12   6   2  15  70  82  86  84  76  82
  85  82  87  87  82  58   0   1   4   0  50  80  83  83  78  82
  84  79  79  83  70   3   0   0   0   0  12  73  77  77  76  88
  83  79  82  84  30   0   1   2   0   3   3  57  77  79  78  86
  76  76  78  69   6   4   1  35  16   3   4  12  66  73  77  83
  78  81  80  22   7   2  26  72  59   5   2   0  32  75  76  82
  78  75  51   0   1  10  73  75  74  29   0   0   8  60  74  79
  75  74  15   1   1  52  77  78  76  71   1   0   0  30  73  81
  75  42   0   1  22  71  66  17  13  72  19   0   1   7  62  79
  67  12   0  12  66  74  41   0   1  63  56   2   0   7  58  78
  68  50  45  59  74  74  54  14  47  71  69  64  63  70  70  83
  68  71  75  76  73  78  81  72  78  74  74  77  75  74  67  73

 178 186 185 184 182 180 173 179 173 174 166 172 164 161 160 144
 206 211 209 212 203 203 198 202 199 193 193 197 184 181 183 170
 209 216 215 212 209 210 207 206 202 200 192 175 152 148 190 184
 217 220 217 211 214 213 209 204 204 179 157 158 154 144 187 180
 217 219 216 210 211 210 208 195 161 154 159 155 154 150 187 179
 208 220 218 211 211 195 165 162 168 164 160 148 164 192 187 173
 214 214 201 190 168 164 167 170 170 161 178 204 202 196 191 176
 212 175 167 168 169 174 171 171 172 199 204 200 155 144 182 184
 213 178 175 177 177 168 166 173 193 204 202 200 159 148 156 179
 214 209 184 178 175 168 170 171 170 179 202 197 198 179 190 182
 216 224 227 226 224 207 166 163 174 171 168 193 204 201 200 186
 218 222 222 223 217 221 213 179 168 174 168 164 171 202 196 183
 221 220 221 221 224 221 217 216 207 177 163 166 167 167 192 182
 220 224 222 221 224 223 216 213 211 209 194 169 157 157 182 185
 216 223 221 217 221 221 217 214 212 209 204 204 179 161 183 180
 212 222 219 216 217 215 215 212 209 209 205 200 196 194 187 176
 144 146 142 142 139 140 133 139 134 134 131 135 134 128 128 120
 156 157 153 151 151 149 148 147 143 141 141 140 131 123 136 132
 157 159 153 150 149 149 152 148 146 143 132  96  61  61 132 138
 156 158 153 149 151 151 150 146 145 107  73  55  47  43 125 132
 156 155 155 153 148 148 147 123  77  61  56  52  47  53 133 134
 154 155 155 153 148 128  84  64  60  63  59  55  75 119 139 131
 159 147 126 113  83  66  65  64  61  62  91 133 136 135 139 133
 156  96  65  66  62  64  64  64  81 123 143 140  76  57 114 135
 159  86  61  67  66  59  60  65 111 144 144 143  76  47  73 133
 161 130  80  71  72  58  58  62  67  99 139 144 135 100 123 136
 159 156 155 147 149 124  64  59  64  67  76 119 144 141 142 136
 161 160 160 156 158 152 137  90  68  63  65  68  93 139 142 137
 160 159 160 158 156 153 153 150 131  80  61  65  64  78 132 136
 159 160 160 158 158 156 156 152 149 145 116  73  57  56 114 138
 161 161 160 158 157 156 156 154 154 148 145 141 101  70 119 135
 157 160 160 159 157 157 155 151 152 150 146 144 137 130 135 134
  96  91  82  85  82  82  88  86  83  82  79  81  79  78  83  73
  87  82  78  80  76  78  76  78  77  76  74  73  62  58  70  67
  82  83  78  83  84  83  77  79  73  75  60  30   7   7  70  74
  92  83  81  85  86  83  77  77  66  32   8   0   1   0  63  75
  88  82  82  83  82  80  73  57  12   0   0   0   0   2  64  77
  88  86  82  74  70  50  12   3   4   2   0   1  19  56  69  74
  90  68  50  37  15   0   0   3   3   5  29  71  72  63  71  74
  81  20   1   1   2   4   0   0  16  59  74  76  13   1  47  78
  85  17   3   6   6   1   0   2  35  72  75  78  17   0  14  72
  86  58  17  11  12   0   0   1   1  26  73  77  66  41  54  81
  83  87  84  85  84  58   3   0   4   2  10  52  71  74  74  78
  83  85  83  90  82  82  70  30   6   7   1   1  22  66  74  73
  88  84  84  88  88  87  83  84  69  22   0   1   1  12  59  76
  87  87  86  88  86  87  79  82  78  80  51  15   0   0  45  75
  86  83  84  85  82  82  79  79  76  81  75  74  42  12  50  71
  89  83  85  86  83  85  84  83  76  78  78  75  75  67  68  68

