 209 230 231 238 240 240 241 242 246 248 247 248 252 251 248 241
 217 240 243 248 250 251 251 255 252 254 253 254 254 255 255 251
 222 246 249 248 254 251 254 255 255 255 255 255 255 255 255 250
 221 252 253 253 252 253 255 254 255 255 255 255 255 255 255 245
 230 246 247 252 252 254 254 255 254 255 255 255 255 255 255 242
 235 251 254 254 254 255 255 255 254 255 255 255 255 255 255 240
 227 245 246 253 255 255 254 255 255 255 255 255 255 255 255 251
 216 249 252 255 255 255 255 255 255 255 255 255 255 255 255 255
 212 249 253 254 254 254 254 255 255 255 255 255 255 255 255 255
 201 202 251 250 197 243 203 226 255 255 255 255 255 255 255 255
 160 136 243 248 120 222 163 203 248 248 248 255 239 238 252 254
 156 119 201 203 109 223 134 181 159 137 202 177 142 147 169 249
 163  77 123 142 101 224 139 175 152 187 240 124 242 251 150 228
 164 118 240 245 108 215 140 181 152 184 236 132 247 254 161 226
 170 135 247 246 112 202 141 182 151 183 251 152 165 185 156 240
 199 219 239 243 224 244 218 232 236 241 254 246 205 198 247 240
 164 170 172 176 177 178 180 178 181 181 181 182 183 184 183 175
 170 175 177 175 180 183 183 183 185 184 186 188 189 189 190 178
 171 173 176 178 182 183 187 184 185 187 188 188 189 192 191 181
 175 177 177 183 183 185 185 184 189 187 187 190 190 190 194 178
 177 178 179 181 184 184 183 187 189 190 191 191 192 191 192 175
 178 181 182 182 182 184 186 187 189 189 192 193 195 194 195 176
 182 184 184 182 184 184 188 186 190 192 194 194 194 194 197 189
 180 183 183 185 186 185 189 189 189 192 194 194 196 197 196 193
 174 181 184 183 186 188 188 189 192 192 196 197 198 199 198 194
 150 142 184 185 136 180 135 164 193 195 198 200 197 197 199 193
 113 100 184 175  65 167  99 147 188 188 187 196 183 185 199 192
 110  90 157 143  58 168  68 130  95  80 143 116  75  79 119 192
 108  37  70  74  53 170  76 129  86 136 173  60 185 185  82 167
 108  74 184 175  60 173  79 134  86 131 166  73 193 196  89 163
 116  79 185 176  58 154  76 138  82 124 191  81 117 124  84 179
 164 162 183 183 159 182 150 172 169 184 197 182 129 129 191 180
 101 100  99 101  97  98 102  98  99 100 104 103 104 102 102  95
 105  98  99 101  96  97 100  97  96  99 101 105 106 103 105 101
 107  99 102 103  99  99  99  98 102 102 105 104 101 103 103  89
  99  98 101  97  97 101 104 100 101 105 105 104 106 103 100  88
 107  97  99  96  97 100 101 100 100 104 108 105 109 109 101  89
 108  97  98  98  99 100 103 102 101 103 110 105 110 110 107  86
 102  93  97 100 103  99 104 107 105 102 105 109 110 109 107  96
 103 100  99 101 104 105 104 105 105 109 112 109 108 109 110 102
  97  98  98  99 104 105 104 106 107 108 109 108 109 109 113 105
  87  80 101  94  60 104  64  91 107 108 107 105 112 110 112 105
  49  51 103  95   9  90  26  78 104 108 106 107  95 102 114 105
  51  42  91  70   6  94   6  71  29  19  68  44  11  18  53 105
  51   2  23  18  10  99  20  72  24  80  91  13 111 100  18  97
  45  25 105  81   8 105  19  70  23  69  82  21 119 109  21  90
  53  29 107  86   3  88  18  77  22  63 102  19  59  58  27  99
  97  90 100  95  76  98  71  95  90  97 114  98  55  59 114  94

 241 251 250 245 242 240 251 255 255 255 254 249 228 226 240 240
 248 255 255 255 255 255 255 255 255 255 252 169 150 161 156 247
 251 255 255 255 255 255 255 255 255 255 238 147 251 254 185 198
 252 254 255 255 255 255 255 255 255 255 239 142 242 247 165 205
 248 254 255 255 255 255 255 255 255 255 255 177 124 132 152 246
 247 253 255 255 255 255 255 255 255 255 248 202 240 236 251 254
 248 254 255 255 255 255 255 255 255 255 248 137 187 184 183 241
 246 252 255 255 254 254 255 255 255 255 248 159 152 152 151 236
 242 255 255 254 255 255 255 255 255 226 203 181 175 181 182 232
 241 251 254 255 254 255 254 255 254 203 163 134 139 140 141 218
 240 251 251 253 254 255 255 255 254 243 222 223 224 215 202 244
 240 250 254 252 252 254 255 255 254 197 120 109 101 108 112 224
 238 248 248 253 252 254 253 255 254 250 248 203 142 245 246 243
 231 243 249 253 247 254 246 252 253 251 243 201 123 240 247 239
 230 240 246 252 246 251 245 249 249 202 136 119  77 118 135 219
 209 217 222 221 230 235 227 216 212 201 160 156 163 164 170 199
 175 178 181 178 175 176 189 193 194 193 192 192 167 163 179 180
 183 190 191 194 192 195 197 196 198 199 199 119  82  89  84 191
 184 189 192 190 191 194 194 197 199 197 185  79 185 196 124 129
 183 189 189 190 192 195 194 196 198 197 183  75 185 193 117 129
 182 188 188 190 191 193 194 194 197 200 196 116  60  73  81 182
 181 186 188 187 191 192 194 194 196 198 187 143 173 166 191 197
 181 184 187 187 190 189 192 192 192 195 188  80 136 131 124 184
 181 185 185 189 189 189 190 189 192 193 188  95  86  86  82 169
 178 183 184 184 187 187 186 189 189 164 147 130 129 134 138 172
 180 183 187 185 183 186 188 189 188 135  99  68  76  79  76 150
 178 183 183 185 184 184 184 185 188 180 167 168 170 173 154 182
 177 180 182 183 184 182 184 186 186 136  65  58  53  60  58 159
 176 175 178 183 181 182 182 185 183 185 175 143  74 175 176 183
 172 177 176 177 179 182 184 183 184 184 184 157  70 184 185 183
 170 175 173 177 178 181 184 183 181 142 100  90  37  74  79 162
 164 170 171 175 177 178 182 180 174 150 113 110 108 108 116 164
  95 101  89  88  89  86  96 102 105 105 105 105  97  90  99  94
 102 105 103 100 101 107 107 110 113 112 114  53  18  21  27 114
 102 103 103 103 109 110 109 109 109 110 102  18 100 109  58  59
 104 106 101 106 109 110 110 108 109 112  95  11 111 119  59  55
 103 105 104 104 105 105 109 109 108 105 107  44  13  21  19  98
 104 101 105 105 108 110 105 112 109 107 106  68  91  82 102 114
 100  99 102 105 104 103 102 109 108 108 108  19  80  69  63  97
  99  96 102 101 100 101 105 105 107 107 104  29  24  23  22  90
  98  97  98 100 100 102 107 105 106  91  78  71  72  70  77  95
 102 100  99 104 101 103 104 104 104  64  26   6  20  19  18  71
  98  97  99 101 100 100  99 105 105 104  90  94  99 105  88  98
  97  96  99  97  97  99 103 104 104  60   9   6  10   8   3  76
 101 101 103  97  96  98 100 101  99  94  95  70  18  81  86  95
  99  99 102 101  99  98  97  99  98 101 103  91  23 105 107 100
 100  98  99  98  97  97  93 100  98  80  51  42   2  25  29  90
 101 105 107  99 107 108 102 103  97  87  49  51  51  45  53  97

 240 247 198 205 246 254 241 236 232 218 244 224 243 239 219 199
 240 156 185 165 152 251 183 151 182 141 202 112 246 247 135 170
 226 161 254 247 132 236 184 152 181 140 215 108 245 240 118 164
 228 150 251 242 124 240 187 152 175 139 224 101 142 123  77 163
 249 169 147 142 177 202 137 159 181 134 223 109 203 201 119 156
 254 252 238 239 255 248 248 248 203 163 222 120 248 243 136 160
 255 255 255 255 255 255 255 255 226 203 243 197 250 251 202 201
 255 255 255 255 255 255 255 255 255 254 254 254 254 253 249 212
 255 255 255 255 255 255 255 255 255 255 255 255 255 252 249 216
 251 255 255 255 255 255 255 255 255 254 255 255 253 246 245 227
 240 255 255 255 255 255 255 254 255 255 255 254 254 254 251 235
 242 255 255 255 255 255 255 254 255 254 254 252 252 247 246 230
 245 255 255 255 255 255 255 255 254 255 253 252 253 253 252 221
 250 255 255 255 255 255 255 255 255 254 251 254 248 249 246 222
 251 255 255 254 254 253 254 252 255 251 251 250 248 243 240 217
 241 248 251 252 248 247 248 246 242 241 240 240 238 231 230 209
 180 191 129 129 182 197 184 169 172 150 182 159 183 183 162 164
 179  84 124 117  81 191 124  82 138  76 154  58 176 185  79 116
 163  89 196 193  73 166 131  86 134  79 173  60 175 184  74 108
 167  82 185 185  60 173 136  86 129  76 170  53  74  70  37 108
 192 119  79  75 116 143  80  95 130  68 168  58 143 157  90 110
 192 199 185 183 196 187 188 188 147  99 167  65 175 184 100 113
 193 199 197 197 200 198 195 193 164 135 180 136 185 184 142 150
 194 198 199 198 197 196 192 192 189 188 188 186 183 184 181 174
 193 196 197 196 194 194 192 189 189 189 185 186 185 183 183 180
 189 197 194 194 194 194 192 190 186 188 184 184 182 184 184 182
 176 195 194 195 193 192 189 189 187 186 184 182 182 182 181 178
 175 192 191 192 191 191 190 189 187 183 184 184 181 179 178 177
 178 194 190 190 190 187 187 189 184 185 185 183 183 177 177 175
 181 191 192 189 188 188 187 185 184 187 183 182 178 176 173 171
 178 190 189 189 188 186 184 185 183 183 183 180 175 177 175 170
 175 183 184 183 182 181 181 181 178 180 178 177 176 172 170 164
  94 114  59  55  98 114  97  90  95  71  98  76  95 100  90  97
  99  27  58  59  19 102  63  22  77  18  88   3  86 107  29  53
  90  21 109 119  21  82  69  23  70  19 105   8  81 105  25  45
  97  18 100 111  13  91  80  24  72  20  99  10  18  23   2  51
 105  53  18  11  44  68  19  29  71   6  94   6  70  91  42  51
 105 114 102  95 107 106 108 104  78  26  90   9  95 103  51  49
 105 112 110 112 105 107 108 107  91  64 104  60  94 101  80  87
 105 113 109 109 108 109 108 107 106 104 105 104  99  98  98  97
 102 110 109 108 109 112 109 105 105 104 105 104 101  99 100 103
  96 107 109 110 109 105 102 105 107 104  99 103 100  97  93 102
  86 107 110 110 105 110 103 101 102 103 100  99  98  98  97 108
  89 101 109 109 105 108 104 100 100 101 100  97  96  99  97 107
  88 100 103 106 104 105 105 101 100 104 101  97  97 101  98  99
  89 103 103 101 104 105 102 102  98  99  99  99 103 102  99 107
 101 105 103 106 105 101  99  96  97 100  97  96 101  99  98 105
  95 102 102 104 103 104 100  99  98 102  98  97 101  99 100 101

 199 170 164 163 156 160 201 212 216 227 235 230 221 222 217 209
 219 135 118  77 119 136 202 249 249 245 251 246 252 246 240 230
 239 247 240 123 201 243 251 253 252 246 254 247 253 249 243 231
 243 246 245 142 203 248 250 254 255 253 254 252 253 248 248 238
 224 112 108 101 109 120 197 254 255 255 254 252 252 254 250 240
 244 202 215 224 223 222 243 254 255 255 255 254 253 251 251 240
 218 141 140 139 134 163 203 254 255 254 255 254 255 254 251 241
 232 182 181 175 181 203 226 255 255 255 255 255 254 255 255 242
 236 151 152 152 159 248 255 255 255 255 254 254 255 255 252 246
 241 183 184 187 137 248 255 255 255 255 255 255 255 255 254 248
 254 251 236 240 202 248 255 255 255 255 255 255 255 255 253 247
 246 152 132 124 177 255 255 255 255 255 255 255 255 255 254 248
 205 165 247 242 142 239 255 255 255 255 255 255 255 255 254 252
 198 185 254 251 147 238 255 255 255 255 255 255 255 255 255 251
 247 156 161 150 169 252 255 255 255 255 255 255 255 255 255 248
 240 240 226 228 249 254 255 255 255 251 240 242 245 250 251 241
 164 116 108 108 110 113 150 174 180 182 178 177 175 171 170 164
 162  79  74  37  90 100 142 181 183 184 181 178 177 173 175 170
 183 185 184  70 157 184 184 184 183 184 182 179 177 176 177 172
 183 176 175  74 143 175 185 183 185 182 182 181 183 178 175 176
 159  58  60  53  58  65 136 186 186 184 182 184 183 182 180 177
 182 154 173 170 168 167 180 188 185 184 184 184 185 183 183 178
 150  76  79  76  68  99 135 188 189 188 186 183 185 187 183 180
 172 138 134 129 130 147 164 189 189 186 187 187 184 184 183 178
 169  82  86  86  95 188 193 192 189 190 189 189 189 185 185 181
 184 124 131 136  80 188 195 192 192 192 189 190 187 187 184 181
 197 191 166 173 143 187 198 196 194 194 192 191 187 188 186 181
 182  81  73  60 116 196 200 197 194 194 193 191 190 188 188 182
 129 117 193 185  75 183 197 198 196 194 195 192 190 189 189 183
 129 124 196 185  79 185 197 199 197 194 194 191 190 192 189 184
 191  84  89  82 119 199 199 198 196 197 195 192 194 191 190 183
 180 179 163 167 192 192 193 194 193 189 176 175 178 181 178 175
  97  53  45  51  51  49  87  97 103 102 108 107  99 107 105 101
  90  29  25   2  42  51  80  98 100  93  97  97  98  99  98 100
 100 107 105  23  91 103 101  98  99  97  98  99 101 102  99  99
  95  86  81  18  70  95  94  99 101 100  98  96  97 103 101 101
  76   3   8  10   6   9  60 104 104 103  99  97  97  99  96  97
  98  88 105  99  94  90 104 105 105  99 100 100 101  99  97  98
  71  18  19  20   6  26  64 104 104 104 103 101 104  99 100 102
  95  77  70  72  71  78  91 106 105 107 102 100 100  98  97  98
  90  22  23  24  29 104 107 107 105 105 101 100 101 102  96  99
  97  63  69  80  19 108 108 108 109 102 103 104 105 102  99 100
 114 102  82  91  68 106 107 109 112 105 110 108 105 105 101 104
  98  19  21  13  44 107 105 108 109 109 105 105 104 104 105 103
  55  59 119 111  11  95 112 109 108 110 110 109 106 101 106 104
  59  58 109 100  18 102 110 109 109 109 110 109 103 103 103 102
 114  27  21  18  53 114 112 113 110 107 107 101 100 103 105 102
  94  99  90  97 105 105 105 105 102  96  86  89  88  89 101  95

