 184 212 207 205 201 211 202 180 204 211 203 208 211 215 211 206
 203 216 210 211 213 219 172 173 203 222 209 212 220 223 219 213
 211 212 172 178 176 225 188 179 219 227 178 179 184 190 228 219
 208 198 172 174 178 229 223 224 223 229 184 188 186 184 233 218
 211 196 177 180 188 235 229 230 225 230 180 185 184 195 234 223
 209 199 179 182 182 231 229 230 225 227 185 193 186 197 238 230
 213 199 188 187 180 209 214 209 211 214 186 192 188 199 237 230
 216 205 188 189 189 194 190 193 197 190 193 195 188 207 232 231
 215 212 188 189 192 189 186 190 190 188 189 199 193 225 238 235
 216 211 193 193 185 188 196 199 195 186 190 202 200 226 233 233
 214 220 189 194 191 210 231 229 232 190 190 195 198 237 238 234
 222 223 194 197 195 227 236 236 241 204 196 191 200 251 242 238
 227 229 187 200 191 235 236 235 249 203 196 190 195 244 240 239
 221 236 210 213 211 247 195 189 244 207 194 204 204 249 245 243
 228 237 242 241 243 242 193 201 252 249 243 244 245 248 248 245
 222 233 236 235 237 238 233 238 242 243 241 242 242 238 241 237
 146 155 153 151 151 155 137 110 142 158 155 156 156 159 157 155
 153 155 144 142 157 161  88  68 115 161 140 145 155 160 160 159
 156 134  74  72  82 152 108  86 146 161  88  77  84  98 158 160
 155 113  60  63  74 156 162 157 161 162  91  77  72  79 162 162
 159 116  70  70  82 164 163 164 163 164  84  74  71  93 163 163
 158 122  72  74  81 158 166 165 164 166  93  79  75 101 166 164
 159 115  78  76  71 115 131 119 125 125  81  82  78  99 168 166
 161 121  78  78  76  80  80  84  86  79  81  82  76 117 169 167
 160 131  81  82  82  80  81  82  83  82  80  87  85 139 168 169
 162 129  84  86  77  78  96 103  98  83  82  87  89 141 171 172
 160 150  86  87  83 124 166 166 169  99  83  81  85 158 174 173
 164 145  85  87  86 140 169 171 173 113  85  80  88 171 173 172
 170 155  86  90  84 153 168 164 176 101  81  77  89 165 174 177
 168 170 123 119 122 169  95  89 169 119  89  95 107 175 177 180
 172 175 175 173 175 169  93 100 175 177 171 167 177 179 179 181
 173 176 175 177 179 179 175 176 178 178 178 179 178 181 181 179
  93  93  95  93  90  94  73  43  72  90  88  92  91  92  90  93
  96  86  69  73  85  89  16   4  41  88  70  75  85  87  89  93
  98  71   8   6  13  85  36  18  82  92  18   1   4  24  91  93
  97  52   6   5   4  85  87  90  93  92  16   5   6   4  87  92
  95  41   1   1   8  89  97  99  93  88   9   4   4  16  92  96
  98  47   1   3   7  82  92  96  94  90  15   5   0  26  96  95
  96  37   3   5   4  41  50  40  44  51   5   3   0  17  93  99
  95  47   2   4   6   8   3   2   5   4   6   1   1  38  90  95
  98  55   4   3   4   3   2   3   1   3   3   4   2  62 100 101
  97  51   4   6   3   5  16  16  10   1   3   9   5  61  94  99
  98  66   4   8   7  47  94  89  89  18   3   6   9  79  97  98
 107  68   5   8   9  67  98  99  95  26   3   4  13  99 101 102
 102  74   5   8   5  76  92  86  97  20   1   2  11  87  97 104
 101  86  39  38  40  89  16   9  89  31   2   9  21  98 101 102
 104  95  98  98  96  87  13  21 101 102  90  87 100 104 102 103
 108  98 102 104 102 100 101 104 105 107 105 108 106 103 102 103

 206 213 219 218 223 230 230 231 235 233 234 238 239 243 245 237
 211 219 228 233 234 238 237 232 238 233 238 242 240 245 248 241
 215 223 190 184 195 197 199 207 225 226 237 251 244 249 248 238
 211 220 184 186 184 186 188 188 193 200 198 200 195 204 245 242
 208 212 179 188 185 193 192 195 199 202 195 191 190 204 244 242
 203 209 178 184 180 185 186 193 189 190 190 196 196 194 243 241
 211 222 227 229 230 227 214 190 188 186 190 204 203 207 249 243
 204 203 219 223 225 225 211 197 190 195 232 241 249 244 252 242
 180 173 179 224 230 230 209 193 190 199 229 236 235 189 201 238
 202 172 188 223 229 229 214 190 186 196 231 236 236 195 193 233
 211 219 225 229 235 231 209 194 189 188 210 227 235 247 242 238
 201 213 176 178 188 182 180 189 192 185 191 195 191 211 243 237
 205 211 178 174 180 182 187 189 189 193 194 197 200 213 241 235
 207 210 172 172 177 179 188 188 188 193 189 194 187 210 242 236
 212 216 212 198 196 199 199 205 212 211 220 223 229 236 237 233
 184 203 211 208 211 209 213 216 215 216 214 222 227 221 228 222
 155 159 160 162 163 164 166 167 169 172 173 172 177 180 181 179
 157 160 158 162 163 166 168 169 168 171 174 173 174 177 179 181
 159 160  98  79  93 101  99 117 139 141 158 171 165 175 179 181
 156 155  84  72  71  75  78  76  85  89  85  88  89 107 177 178
 156 145  77  77  74  79  82  82  87  87  81  80  77  95 167 179
 155 140  88  91  84  93  81  81  80  82  83  85  81  89 171 178
 158 161 161 162 164 166 125  79  82  83  99 113 101 119 177 178
 142 115 146 161 163 164 125  86  83  98 169 173 176 169 175 178
 110  68  86 157 164 165 119  84  82 103 166 171 164  89 100 176
 137  88 108 162 163 166 131  80  81  96 166 169 168  95  93 175
 155 161 152 156 164 158 115  80  80  78 124 140 153 169 169 179
 151 157  82  74  82  81  71  76  82  77  83  86  84 122 175 179
 151 142  72  63  70  74  76  78  82  86  87  87  90 119 173 177
 153 144  74  60  70  72  78  78  81  84  86  85  86 123 175 175
 155 155 134 113 116 122 115 121 131 129 150 145 155 170 175 176
 146 153 156 155 159 158 159 161 160 162 160 164 170 168 172 173
  93  93  93  92  96  95  99  95 101  99  98 102 104 102 103 103
  90  89  91  87  92  96  93  90 100  94  97 101  97 101 102 102
  92  87  24   4  16  26  17  38  62  61  79  99  87  98 104 103
  91  85   4   6   4   0   0   1   2   5   9  13  11  21 100 106
  92  75   1   5   4   5   3   1   4   9   6   4   2   9  87 108
  88  70  18  16   9  15   5   6   3   3   3   3   1   2  90 105
  90  88  92  92  88  90  51   4   3   1  18  26  20  31 102 107
  72  41  82  93  93  94  44   5   1  10  89  95  97  89 101 105
  43   4  18  90  99  96  40   2   3  16  89  99  86   9  21 104
  73  16  36  87  97  92  50   3   2  16  94  98  92  16  13 101
  94  89  85  85  89  82  41   8   3   5  47  67  76  89  87 100
  90  85  13   4   8   7   4   6   4   3   7   9   5  40  96 102
  93  73   6   5   1   3   5   4   3   6   8   8   8  38  98 104
  95  69   8   6   1   1   3   2   4   4   4   5   5  39  98 102
  93  86  71  52  41  47  37  47  55  51  66  68  74  86  95  98
  93  96  98  97  95  98  96  95  98  97  98 107 102 101 104 108

 237 241 238 242 242 241 243 242 238 233 238 237 235 236 233 222
 245 248 248 245 244 243 249 252 201 193 242 243 241 242 237 228
 243 245 249 204 204 194 207 244 189 195 247 211 213 210 236 221
 239 240 244 195 190 196 203 249 235 236 235 191 200 187 229 227
 238 242 251 200 191 196 204 241 236 236 227 195 197 194 223 222
 234 238 237 198 195 190 190 232 229 231 210 191 194 189 220 214
 233 233 226 200 202 190 186 195 199 196 188 185 193 193 211 216
 235 238 225 193 199 189 188 190 190 186 189 192 189 188 212 215
 231 232 207 188 195 193 190 197 193 190 194 189 189 188 205 216
 230 237 199 188 192 186 214 211 209 214 209 180 187 188 199 213
 230 238 197 186 193 185 227 225 230 229 231 182 182 179 199 209
 223 234 195 184 185 180 230 225 230 229 235 188 180 177 196 211
 218 233 184 186 188 184 229 223 224 223 229 178 174 172 198 208
 219 228 190 184 179 178 227 219 179 188 225 176 178 172 212 211
 213 219 223 220 212 209 222 203 173 172 219 213 211 210 216 203
 206 211 215 211 208 203 211 204 180 202 211 201 205 207 212 184
 179 181 181 178 179 178 178 178 176 175 179 179 177 175 176 173
 181 179 179 177 167 171 177 175 100  93 169 175 173 175 175 172
 180 177 175 107  95  89 119 169  89  95 169 122 119 123 170 168
 177 174 165  89  77  81 101 176 164 168 153  84  90  86 155 170
 172 173 171  88  80  85 113 173 171 169 140  86  87  85 145 164
 173 174 158  85  81  83  99 169 166 166 124  83  87  86 150 160
 172 171 141  89  87  82  83  98 103  96  78  77  86  84 129 162
 169 168 139  85  87  80  82  83  82  81  80  82  82  81 131 160
 167 169 117  76  82  81  79  86  84  80  80  76  78  78 121 161
 166 168  99  78  82  81 125 125 119 131 115  71  76  78 115 159
 164 166 101  75  79  93 166 164 165 166 158  81  74  72 122 158
 163 163  93  71  74  84 164 163 164 163 164  82  70  70 116 159
 162 162  79  72  77  91 162 161 157 162 156  74  63  60 113 155
 160 158  98  84  77  88 161 146  86 108 152  82  72  74 134 156
 159 160 160 155 145 140 161 115  68  88 161 157 142 144 155 153
 155 157 159 156 156 155 158 142 110 137 155 151 151 153 155 146
 103 102 103 106 108 105 107 105 104 101 100 102 104 102  98 108
 103 102 104 100  87  90 102 101  21  13  87  96  98  98  95 104
 102 101  98  21   9   2  31  89   9  16  89  40  38  39  86 101
 104  97  87  11   2   1  20  97  86  92  76   5   8   5  74 102
 102 101  99  13   4   3  26  95  99  98  67   9   8   5  68 107
  98  97  79   9   6   3  18  89  89  94  47   7   8   4  66  98
  99  94  61   5   9   3   1  10  16  16   5   3   6   4  51  97
 101 100  62   2   4   3   3   1   3   2   3   4   3   4  55  98
  95  90  38   1   1   6   4   5   2   3   8   6   4   2  47  95
  99  93  17   0   3   5  51  44  40  50  41   4   5   3  37  96
  95  96  26   0   5  15  90  94  96  92  82   7   3   1  47  98
  96  92  16   4   4   9  88  93  99  97  89   8   1   1  41  95
  92  87   4   6   5  16  92  93  90  87  85   4   5   6  52  97
  93  91  24   4   1  18  92  82  18  36  85  13   6   8  71  98
  93  89  87  85  75  70  88  41   4  16  89  85  73  69  86  96
  93  90  92  91  92  88  90  72  43  73  94  90  93  95  93  93

 222 228 221 227 222 214 216 215 216 213 209 211 208 211 203 184
 233 237 236 229 223 220 211 212 205 199 199 196 198 212 216 212
 236 242 210 187 194 189 193 188 188 188 179 177 172 172 210 207
 235 241 213 200 197 194 193 189 189 187 182 180 174 178 211 205
 237 243 211 191 195 191 185 192 189 180 182 188 178 176 213 201
 238 242 247 235 227 210 188 189 194 209 231 235 229 225 219 211
 233 193 195 236 236 231 196 186 190 214 229 229 223 188 172 202
 238 201 189 235 236 229 199 190 193 209 230 230 224 179 173 180
 242 252 244 249 241 232 195 190 197 211 225 225 223 219 203 204
 243 249 207 203 204 190 186 188 190 214 227 230 229 227 222 211
 241 243 194 196 196 190 190 189 193 186 185 180 184 178 209 203
 242 244 204 190 191 195 202 199 195 192 193 185 188 179 212 208
 242 245 204 195 200 198 200 193 188 188 186 184 186 184 220 211
 238 248 249 244 251 237 226 225 207 199 197 195 184 190 223 215
 241 248 245 240 242 238 233 238 232 237 238 234 233 228 219 211
 237 245 243 239 238 234 233 235 231 230 230 223 218 219 213 206
 173 172 168 170 164 160 162 160 161 159 158 159 155 156 153 146
 176 175 170 155 145 150 129 131 121 115 122 116 113 134 155 155
 175 175 123  86  85  86  84  81  78  78  72  70  60  74 144 153
 177 173 119  90  87  87  86  82  78  76  74  70  63  72 142 151
 179 175 122  84  86  83  77  82  76  71  81  82  74  82 157 151
 179 169 169 153 140 124  78  80  80 115 158 164 156 152 161 155
 175  93  95 168 169 166  96  81  80 131 166 163 162 108  88 137
 176 100  89 164 171 166 103  82  84 119 165 164 157  86  68 110
 178 175 169 176 173 169  98  83  86 125 164 163 161 146 115 142
 178 177 119 101 113  99  83  82  79 125 166 164 162 161 161 158
 178 171  89  81  85  83  82  80  81  81  93  84  91  88 140 155
 179 167  95  77  80  81  87  87  82  82  79  74  77  77 145 156
 178 177 107  89  88  85  89  85  76  78  75  71  72  84 155 156
 181 179 175 165 171 158 141 139 117  99 101  93  79  98 160 159
 181 179 177 174 173 174 171 168 169 168 166 163 162 158 160 157
 179 181 180 177 172 173 172 169 167 166 164 163 162 160 159 155
 108 104 101 102 107  98  97  98  95  96  98  95  97  98  96  93
  98  95  86  74  68  66  51  55  47  37  47  41  52  71  86  93
 102  98  39   5   5   4   4   4   2   3   1   1   6   8  69  95
 104  98  38   8   8   8   6   3   4   5   3   1   5   6  73  93
 102  96  40   5   9   7   3   4   6   4   7   8   4  13  85  90
 100  87  89  76  67  47   5   3   8  41  82  89  85  85  89  94
 101  13  16  92  98  94  16   2   3  50  92  97  87  36  16  73
 104  21   9  86  99  89  16   3   2  40  96  99  90  18   4  43
 105 101  89  97  95  89  10   1   5  44  94  93  93  82  41  72
 107 102  31  20  26  18   1   3   4  51  90  88  92  92  88  90
 105  90   2   1   3   3   3   3   6   5  15   9  16  18  70  88
 108  87   9   2   4   6   9   4   1   3   5   4   5   1  75  92
 106 100  21  11  13   9   5   2   1   0   0   4   6   4  85  91
 103 104  98  87  99  79  61  62  38  17  26  16   4  24  87  92
 102 102 101  97 101  97  94 100  90  93  96  92  87  91  89  90
 103 103 102 104 102  98  99 101  95  99  95  96  92  93  93  93

