 255 253 253 252 253 252 252 253 253 252 253 253 253 254 252 253
 255 252 254 254 254 254 254 254 254 254 254 254 254 254 253 252
 255 254 254 254 254 254 254 254 254 254 254 254 254 254 253 251
 255 254 254 254 254 254 254 254 254 254 254 254 254 254 254 251
 255 254 254 254 254 254 254 254 254 254 254 254 254 254 254 251
 255 254 254 254 254 254 254 254 254 254 254 254 254 254 254 254
 254 252 254 254 254 254 254 254 254 254 254 254 254 254 254 254
 253 252 254 254 254 254 254 254 254 254 254 254 254 254 254 254
 253 252 254 253 254 253 253 254 254 254 254 254 254 254 254 254
 250 252 252 253 248 254 245 254 253 253 254 254 254 254 254 254
 229 244 254 254 214 255 237 254 253 254 254 254 254 254 253 254
 235 237 255 253 222 255 226 251 246 240 251 253 233 243 240 255
 232 237 247 235 222 255 226 243 232 232 255 228 241 255 231 237
 226 238 255 246 217 255 211 247 225 243 255 227 243 255 240 232
 227 240 255 249 212 255 213 249 227 241 255 238 230 254 233 246
 251 253 254 255 243 255 235 252 243 249 255 255 237 238 246 255
 255 254 254 254 254 254 254 254 254 254 254 254 254 254 255 255
 255 254 254 254 254 254 254 254 254 254 254 254 254 254 254 255
 255 254 254 254 254 254 254 254 254 254 254 254 254 254 254 255
 255 254 254 254 254 254 254 254 254 254 254 254 254 254 254 255
 255 254 254 254 254 254 254 254 254 254 254 254 254 254 254 255
 255 254 254 254 254 254 254 254 254 254 254 254 254 254 254 255
 255 254 254 254 254 254 254 254 254 254 254 254 254 254 254 254
 255 254 254 254 254 254 254 254 254 254 254 254 254 254 254 254
 255 254 254 254 254 254 254 254 254 254 254 254 254 254 254 254
 245 250 254 254 242 255 238 251 254 254 254 254 254 254 254 254
 205 234 255 254 177 249 230 249 255 254 254 254 254 254 254 254
 202 207 253 243 174 250 195 241 227 204 238 249 194 195 209 255
 187 169 202 183 162 254 183 226 197 194 252 205 215 255 211 219
 196 213 255 238 175 255 167 234 200 223 255 199 231 255 229 213
 206 224 255 245 174 255 182 238 209 227 255 227 200 239 200 233
 248 251 255 255 238 255 225 250 240 247 255 255 220 206 234 255
 232 248 249 249 249 249 250 249 249 249 249 249 249 248 248 242
 233 249 254 254 254 254 254 254 254 254 254 254 254 254 253 242
 233 252 254 254 254 254 254 254 254 254 254 254 254 254 253 243
 235 252 254 254 254 254 254 254 254 254 254 254 254 254 254 245
 235 252 254 254 254 254 254 254 254 254 254 254 254 254 254 246
 230 251 254 254 254 254 254 254 254 254 254 254 254 254 254 243
 233 251 254 254 254 254 254 254 254 254 254 254 254 254 254 246
 237 252 254 254 254 254 254 254 254 254 254 254 254 254 254 247
 239 252 254 252 251 252 253 254 254 254 254 254 254 254 254 247
 195 207 242 241 201 224 201 220 246 253 254 254 254 254 254 247
 130 178 234 232 111 202 176 207 229 233 242 248 239 232 235 244
 120 123 189 178  89 193 117 181 161 120 162 203 125 122 142 216
 113  95 139 107  73 195 105 160 127 127 219 150 158 229 167 159
 134 154 234 205  98 200  85 164 136 172 230 142 180 237 189 149
 147 168 236 216 106 209 110 177 151 175 235 188 131 171 124 174
 210 222 239 239 212 231 186 217 206 221 241 242 183 150 184 229

 253 252 251 251 251 254 254 254 254 254 254 255 237 232 246 255
 252 253 253 254 254 254 254 254 254 254 253 240 231 240 233 246
 254 254 254 254 254 254 254 254 254 254 254 243 255 255 254 238
 253 254 254 254 254 254 254 254 254 254 254 233 241 243 230 237
 253 254 254 254 254 254 254 254 254 254 254 253 228 227 238 255
 253 254 254 254 254 254 254 254 254 254 254 251 255 255 255 255
 252 254 254 254 254 254 254 254 254 253 254 240 232 243 241 249
 253 254 254 254 254 254 254 254 254 253 253 246 232 225 227 243
 253 254 254 254 254 254 254 254 254 254 254 251 243 247 249 252
 252 254 254 254 254 254 254 254 253 245 237 226 226 211 213 235
 252 254 254 254 254 254 254 254 253 254 255 255 255 255 255 255
 253 254 254 254 254 254 254 254 254 248 214 222 222 217 212 243
 252 254 254 254 254 254 254 254 253 253 254 253 235 246 249 255
 253 254 254 254 254 254 254 254 254 252 254 255 247 255 255 254
 253 252 254 254 254 254 252 252 252 252 244 237 237 238 240 253
 255 255 255 255 255 255 254 253 253 250 229 235 232 226 227 251
 255 255 255 255 255 255 254 254 254 254 254 255 219 213 233 255
 255 254 254 254 254 254 254 254 254 254 254 209 211 229 200 234
 254 254 254 254 254 254 254 254 254 254 254 195 255 255 239 206
 254 254 254 254 254 254 254 254 254 254 254 194 215 231 200 220
 254 254 254 254 254 254 254 254 254 254 254 249 205 199 227 255
 254 254 254 254 254 254 254 254 254 254 254 238 252 255 255 255
 254 254 254 254 254 254 254 254 254 254 254 204 194 223 227 247
 254 254 254 254 254 254 254 254 254 254 255 227 197 200 209 240
 254 254 254 254 254 254 254 254 254 251 249 241 226 234 238 250
 254 254 254 254 254 254 254 254 254 238 230 195 183 167 182 225
 254 254 254 254 254 254 254 254 254 255 249 250 254 255 255 255
 254 254 254 254 254 254 254 254 254 242 177 174 162 175 174 238
 254 254 254 254 254 254 254 254 254 254 254 243 183 238 245 255
 254 254 254 254 254 254 254 254 254 254 255 253 202 255 255 255
 254 254 254 254 254 254 254 254 254 250 234 207 169 213 224 251
 255 255 255 255 255 255 255 255 255 245 205 202 187 196 206 248
 242 242 243 245 246 243 246 247 247 247 244 216 159 149 174 229
 248 253 253 254 254 254 254 254 254 254 235 142 167 189 124 184
 248 254 254 254 254 254 254 254 254 254 232 122 229 237 171 150
 249 254 254 254 254 254 254 254 254 254 239 125 158 180 131 183
 249 254 254 254 254 254 254 254 254 254 248 203 150 142 188 242
 249 254 254 254 254 254 254 254 254 254 242 162 219 230 235 241
 249 254 254 254 254 254 254 254 254 253 233 120 127 172 175 221
 249 254 254 254 254 254 254 254 254 246 229 161 127 136 151 206
 249 254 254 254 254 254 254 254 254 220 207 181 160 164 177 217
 250 254 254 254 254 254 254 254 253 201 176 117 105  85 110 186
 249 254 254 254 254 254 254 254 252 224 202 193 195 200 209 231
 249 254 254 254 254 254 254 254 251 201 111  89  73  98 106 212
 249 254 254 254 254 254 254 254 252 241 232 178 107 205 216 239
 249 254 254 254 254 254 254 254 254 242 234 189 139 234 236 239
 248 249 252 252 252 251 251 252 252 207 178 123  95 154 168 222
 232 233 233 235 235 230 233 237 239 195 130 120 113 134 147 210

 255 246 238 237 255 255 249 243 252 235 255 243 255 254 253 251
 246 233 254 230 238 255 241 227 249 213 255 212 249 255 240 227
 232 240 255 243 227 255 243 225 247 211 255 217 246 255 238 226
 237 231 255 241 228 255 232 232 243 226 255 222 235 247 237 232
 255 240 243 233 253 251 240 246 251 226 255 222 253 255 237 235
 254 253 254 254 254 254 254 253 254 237 255 214 254 254 244 229
 254 254 254 254 254 254 253 253 254 245 254 248 253 252 252 250
 254 254 254 254 254 254 254 254 254 253 253 254 253 254 252 253
 254 254 254 254 254 254 254 254 254 254 254 254 254 254 252 253
 254 254 254 254 254 254 254 254 254 254 254 254 254 254 252 254
 254 254 254 254 254 254 254 254 254 254 254 254 254 254 254 255
 251 254 254 254 254 254 254 254 254 254 254 254 254 254 254 255
 251 254 254 254 254 254 254 254 254 254 254 254 254 254 254 255
 251 253 254 254 254 254 254 254 254 254 254 254 254 254 254 255
 252 253 254 254 254 254 254 254 254 254 254 254 254 254 252 255
 253 252 254 253 253 253 252 253 253 252 252 253 252 253 253 255
 255 234 206 220 255 255 247 240 250 225 255 238 255 255 251 248
 233 200 239 200 227 255 227 209 238 182 255 174 245 255 224 206
 213 229 255 231 199 255 223 200 234 167 255 175 238 255 213 196
 219 211 255 215 205 252 194 197 226 183 254 162 183 202 169 187
 255 209 195 194 249 238 204 227 241 195 250 174 243 253 207 202
 254 254 254 254 254 254 254 255 249 230 249 177 254 255 234 205
 254 254 254 254 254 254 254 254 251 238 255 242 254 254 250 245
 254 254 254 254 254 254 254 254 254 254 254 254 254 254 254 255
 254 254 254 254 254 254 254 254 254 254 254 254 254 254 254 255
 254 254 254 254 254 254 254 254 254 254 254 254 254 254 254 255
 255 254 254 254 254 254 254 254 254 254 254 254 254 254 254 255
 255 254 254 254 254 254 254 254 254 254 254 254 254 254 254 255
 255 254 254 254 254 254 254 254 254 254 254 254 254 254 254 255
 255 254 254 254 254 254 254 254 254 254 254 254 254 254 254 255
 255 254 254 254 254 254 254 254 254 254 254 254 254 254 254 255
 255 255 254 254 254 254 254 254 254 254 254 254 254 254 254 255
 229 184 150 183 242 241 221 206 217 186 231 212 239 239 222 210
 174 124 171 131 188 235 175 151 177 110 209 106 216 236 168 147
 149 189 237 180 142 230 172 136 164  85 200  98 205 234 154 134
 159 167 229 158 150 219 127 127 160 105 195  73 107 139  95 113
 216 142 122 125 203 162 120 161 181 117 193  89 178 189 123 120
 244 235 232 239 248 242 233 229 207 176 202 111 232 234 178 130
 247 254 254 254 254 254 253 246 220 201 224 201 241 242 207 195
 247 254 254 254 254 254 254 254 254 253 252 251 252 254 252 239
 247 254 254 254 254 254 254 254 254 254 254 254 254 254 252 237
 246 254 254 254 254 254 254 254 254 254 254 254 254 254 251 233
 243 254 254 254 254 254 254 254 254 254 254 254 254 254 251 230
 246 254 254 254 254 254 254 254 254 254 254 254 254 254 252 235
 245 254 254 254 254 254 254 254 254 254 254 254 254 254 252 235
 243 253 254 254 254 254 254 254 254 254 254 254 254 254 252 233
 242 253 254 254 254 254 254 254 254 254 254 254 254 254 249 233
 242 248 248 249 249 249 249 249 249 250 249 249 249 249 248 232

 251 227 226 232 235 229 250 253 253 254 255 255 255 255 255 255
 253 240 238 237 237 244 252 252 252 252 254 254 254 254 252 253
 254 255 255 247 255 254 252 254 254 254 254 254 254 254 254 253
 255 249 246 235 253 254 253 253 254 254 254 254 254 254 254 252
 243 212 217 222 222 214 248 254 254 254 254 254 254 254 254 253
 255 255 255 255 255 255 254 253 254 254 254 254 254 254 254 252
 235 213 211 226 226 237 245 253 254 254 254 254 254 254 254 252
 252 249 247 243 251 254 254 254 254 254 254 254 254 254 254 253
 243 227 225 232 246 253 253 254 254 254 254 254 254 254 254 253
 249 241 243 232 240 254 253 254 254 254 254 254 254 254 254 252
 255 255 255 255 251 254 254 254 254 254 254 254 254 254 254 253
 255 238 227 228 253 254 254 254 254 254 254 254 254 254 254 253
 237 230 243 241 233 254 254 254 254 254 254 254 254 254 254 253
 238 254 255 255 243 254 254 254 254 254 254 254 254 254 254 254
 246 233 240 231 240 253 254 254 254 254 254 254 254 253 253 252
 255 246 232 237 255 254 254 254 254 254 254 251 251 251 252 253
 248 206 196 187 202 205 245 255 255 255 255 255 255 255 255 255
 251 224 213 169 207 234 250 254 254 254 254 254 254 254 254 254
 255 255 255 202 253 255 254 254 254 254 254 254 254 254 254 254
 255 245 238 183 243 254 254 254 254 254 254 254 254 254 254 254
 238 174 175 162 174 177 242 254 254 254 254 254 254 254 254 254
 255 255 255 254 250 249 255 254 254 254 254 254 254 254 254 254
 225 182 167 183 195 230 238 254 254 254 254 254 254 254 254 254
 250 238 234 226 241 249 251 254 254 254 254 254 254 254 254 254
 240 209 200 197 227 255 254 254 254 254 254 254 254 254 254 254
 247 227 223 194 204 254 254 254 254 254 254 254 254 254 254 254
 255 255 255 252 238 254 254 254 254 254 254 254 254 254 254 254
 255 227 199 205 249 254 254 254 254 254 254 254 254 254 254 254
 220 200 231 215 194 254 254 254 254 254 254 254 254 254 254 254
 206 239 255 255 195 254 254 254 254 254 254 254 254 254 254 254
 234 200 229 211 209 254 254 254 254 254 254 254 254 254 254 255
 255 233 213 219 255 254 254 254 254 254 255 255 255 255 255 255
 210 147 134 113 120 130 195 239 237 233 230 235 235 233 233 232
 222 168 154  95 123 178 207 252 252 251 251 252 252 252 249 248
 239 236 234 139 189 234 242 254 254 254 254 254 254 254 254 249
 239 216 205 107 178 232 241 252 254 254 254 254 254 254 254 249
 212 106  98  73  89 111 201 251 254 254 254 254 254 254 254 249
 231 209 200 195 193 202 224 252 254 254 254 254 254 254 254 249
 186 110  85 105 117 176 201 253 254 254 254 254 254 254 254 250
 217 177 164 160 181 207 220 254 254 254 254 254 254 254 254 249
 206 151 136 127 161 229 246 254 254 254 254 254 254 254 254 249
 221 175 172 127 120 233 253 254 254 254 254 254 254 254 254 249
 241 235 230 219 162 242 254 254 254 254 254 254 254 254 254 249
 242 188 142 150 203 248 254 254 254 254 254 254 254 254 254 249
 183 131 180 158 125 239 254 254 254 254 254 254 254 254 254 249
 150 171 237 229 122 232 254 254 254 254 254 254 254 254 254 248
 184 124 189 167 142 235 254 254 254 254 254 254 254 253 253 248
 229 174 149 159 216 244 247 247 247 246 243 246 245 243 242 242

